/*--------------------------------*- C++ -*----------------------------------*\
| =========                 |                                                 |
| \\      /  F ield         | OpenFOAM: The Open Source CFD Toolbox           |
|  \\    /   O peration     | Version:  2.4.0                                 |
|   \\  /    A nd           | Web:      www.OpenFOAM.org                      |
|    \\/     M anipulation  |                                                 |
\*---------------------------------------------------------------------------*/
FoamFile
{
    version     2.0;
    format      ascii;
    class       labelList;
    note        "nPoints:3644  nCells:1720  nFaces:6982  nInternalFaces:3330";
    location    "0.002/polyMesh";
    object      neighbour;
}
// * * * * * * * * * * * * * * * * * * * * * * * * * * * * * * * * * * * * * //


3330
(
1
60
2
61
3
62
4
63
5
64
6
65
7
66
8
67
9
68
10
69
11
70
12
71
13
72
14
73
15
74
16
75
17
76
18
77
19
78
20
79
21
80
22
81
23
82
24
83
25
84
26
85
27
86
28
87
29
88
30
89
31
90
32
91
33
92
34
93
35
94
36
95
37
96
38
97
39
98
40
99
41
100
42
101
43
102
44
103
45
104
46
105
47
106
48
107
49
108
50
109
51
110
52
111
53
112
54
113
55
114
56
115
57
116
58
117
59
118
119
61
120
62
121
63
122
64
123
65
124
66
125
67
126
68
127
69
128
70
129
71
130
72
131
73
132
74
133
75
134
76
135
77
136
78
137
79
138
80
139
81
140
82
141
83
142
84
143
85
144
86
145
87
146
88
147
89
148
90
149
91
150
92
151
93
152
94
153
95
154
96
155
97
156
98
157
99
158
100
159
101
160
102
161
103
162
104
163
105
164
106
165
107
166
108
167
109
168
110
169
111
170
112
171
113
172
114
173
115
174
116
175
117
176
118
177
119
178
179
121
180
122
181
123
182
124
183
125
184
126
185
127
186
128
187
129
188
130
189
131
190
132
191
133
192
134
193
135
194
136
195
137
196
138
197
139
198
140
199
141
200
142
201
143
202
144
203
145
204
146
205
147
206
148
207
149
208
150
209
151
210
152
211
153
212
154
213
155
214
156
215
157
216
158
217
159
218
160
219
161
220
162
221
163
222
164
223
165
224
166
225
167
226
168
227
169
228
170
229
171
230
172
231
173
232
174
233
175
234
176
235
177
236
178
237
179
238
239
181
240
182
241
183
242
184
243
185
244
186
245
187
246
188
247
189
248
190
249
191
250
192
251
193
252
194
253
195
254
196
255
197
256
198
257
199
258
200
259
201
260
202
261
203
262
204
263
205
264
206
265
207
266
208
267
209
268
210
269
211
270
212
271
213
272
214
273
215
274
216
275
217
276
218
277
219
278
220
279
221
280
222
281
223
282
224
283
225
284
226
285
227
286
228
287
229
288
230
289
231
290
232
291
233
292
234
293
235
294
236
295
237
296
238
297
239
298
299
241
300
242
301
243
302
244
303
245
304
246
305
247
306
248
307
249
308
250
309
251
310
252
311
253
312
254
313
255
314
256
315
257
316
258
317
259
318
260
319
261
320
262
321
263
322
264
323
265
324
266
325
267
326
268
327
269
328
270
329
271
330
272
331
273
332
274
333
275
334
276
335
277
336
278
337
279
338
280
339
281
340
282
341
283
342
284
343
285
344
286
345
287
346
288
347
289
348
290
349
291
350
292
351
293
352
294
353
295
354
296
355
297
356
298
357
299
358
359
301
360
302
361
303
362
304
363
305
364
306
365
307
366
308
367
309
368
310
369
311
370
312
371
313
372
314
373
315
374
316
375
317
376
318
377
319
378
320
379
321
380
322
381
323
382
324
383
325
384
326
385
327
386
328
387
329
388
330
389
331
390
332
391
333
392
334
393
335
394
336
395
337
396
338
397
339
398
340
399
341
400
342
401
343
402
344
403
345
404
346
405
347
406
348
407
349
408
350
409
351
410
352
411
353
412
354
413
355
414
356
415
357
416
358
417
359
418
419
361
420
362
421
363
422
364
423
365
424
366
425
367
426
368
427
369
428
370
429
371
430
372
431
373
432
374
433
375
434
376
435
377
436
378
437
379
438
380
439
381
440
382
441
383
442
384
443
385
444
386
445
387
446
388
447
389
448
390
449
391
450
392
451
393
452
394
453
395
454
396
455
397
456
398
457
399
458
400
459
401
460
402
461
403
462
404
463
405
464
406
465
407
466
408
467
409
468
410
469
411
470
412
471
413
472
414
473
415
474
416
475
417
476
418
477
419
478
479
421
480
422
481
423
482
424
483
425
484
426
485
427
486
428
487
429
488
430
489
431
490
432
491
433
492
434
493
435
494
436
495
437
496
438
497
439
498
440
499
441
500
442
501
443
502
444
503
445
504
446
505
447
506
448
507
449
508
450
509
451
510
452
511
453
512
454
513
455
514
456
515
457
516
458
517
459
518
460
519
461
520
462
521
463
522
464
523
465
524
466
525
467
526
468
527
469
528
470
529
471
530
472
531
473
532
474
533
475
534
476
535
477
536
478
537
479
538
539
481
540
482
541
483
542
484
543
485
544
486
545
487
546
488
547
489
548
490
549
491
550
492
551
493
552
494
553
495
554
496
555
497
556
498
557
499
558
500
559
501
560
502
561
503
562
504
563
505
564
506
565
507
566
508
567
509
568
510
569
511
570
512
571
513
572
514
573
515
574
516
575
517
576
518
577
519
578
520
579
521
580
522
581
523
582
524
583
525
584
526
585
527
586
528
587
529
588
530
589
531
590
532
591
533
592
534
593
535
594
536
595
537
596
538
597
539
598
599
541
600
542
601
543
602
544
603
545
604
546
605
547
606
548
607
549
608
550
609
551
610
552
611
553
612
554
613
555
614
556
615
557
616
558
617
559
560
561
562
563
618
564
619
565
620
566
621
567
622
568
623
569
624
570
625
571
626
572
627
573
628
574
629
575
630
576
631
577
632
578
633
579
634
580
635
581
636
582
637
583
638
584
639
585
640
586
641
587
642
588
643
589
644
590
645
591
646
592
647
593
648
594
649
595
650
596
651
597
652
598
653
599
654
655
601
656
602
657
603
658
604
659
605
660
606
661
607
662
608
663
609
664
610
665
611
666
612
667
613
668
614
669
615
670
616
671
617
619
620
621
672
622
673
623
674
624
675
625
676
626
677
627
678
628
679
629
680
630
681
631
682
632
683
633
684
634
685
635
686
636
687
637
688
638
689
639
690
640
691
641
692
642
693
643
694
644
695
645
696
646
697
647
698
648
699
649
700
650
701
651
702
652
703
653
704
654
705
655
706
707
657
708
658
709
659
710
660
711
661
712
662
713
663
714
664
715
665
716
666
717
667
718
668
719
669
720
670
721
671
722
723
673
724
674
725
675
726
676
727
677
728
678
729
679
730
680
731
681
732
682
733
683
734
684
735
685
736
686
737
687
738
688
739
689
740
690
741
691
742
692
743
693
744
694
745
695
746
696
747
697
748
698
749
699
750
700
751
701
752
702
753
703
754
704
755
705
756
706
757
707
758
759
709
760
710
761
711
762
712
763
713
764
714
765
715
766
716
767
717
768
718
769
719
770
720
771
721
772
722
773
723
774
725
726
775
727
776
728
777
729
778
730
779
731
780
732
781
733
782
734
783
735
784
736
785
737
786
738
787
739
788
740
789
741
790
742
791
743
792
744
793
745
794
746
795
747
796
748
797
749
798
750
799
751
800
752
801
753
802
754
803
755
804
756
805
757
806
758
807
759
808
809
761
810
762
811
763
812
764
813
765
814
766
815
767
816
768
817
769
818
770
819
771
820
772
821
773
822
774
823
824
776
825
777
826
778
827
779
828
780
829
781
830
782
831
783
832
784
833
785
834
786
835
787
836
788
837
789
838
790
839
791
840
792
841
793
842
794
843
795
844
796
845
797
846
798
847
799
848
800
849
801
850
802
851
803
852
804
853
805
854
806
855
807
856
808
857
809
858
859
811
860
812
861
813
862
814
863
815
864
816
865
817
866
818
867
819
868
820
869
821
870
822
871
823
872
824
873
874
826
875
827
876
828
877
829
878
830
879
831
880
832
881
833
882
834
883
835
884
836
885
837
886
838
887
839
888
840
889
841
890
842
891
843
892
844
893
845
894
846
895
847
896
848
897
849
898
850
899
851
900
852
901
853
902
854
903
855
904
856
905
857
906
858
907
859
908
909
861
910
862
911
863
912
864
913
865
914
866
915
867
916
868
917
869
918
870
919
871
920
872
921
873
922
874
923
924
876
925
877
926
878
927
879
928
880
929
881
930
882
931
883
932
884
933
885
934
886
935
887
936
888
937
889
938
890
939
891
940
892
941
893
942
894
943
895
944
896
945
897
946
898
947
899
948
900
949
901
950
902
951
903
952
904
953
905
954
906
955
907
956
908
957
909
958
959
911
960
912
961
913
962
914
963
915
964
916
965
917
966
918
967
919
968
920
969
921
970
922
971
923
972
924
973
974
926
977
927
978
928
979
929
980
930
981
931
982
932
983
933
984
934
985
935
986
936
987
937
988
938
989
939
990
940
991
941
992
942
993
943
994
944
995
945
996
946
997
947
998
948
999
949
1000
950
1001
951
1002
952
1003
953
1004
954
1005
955
1006
956
1007
957
1008
958
1009
959
1010
1011
961
1012
962
1013
963
1014
964
1015
965
1016
966
1017
967
1018
968
1019
969
1020
970
1021
971
1022
972
1023
973
1024
974
1025
975
1026
1027
977
1028
978
1029
979
1030
980
1031
981
1032
982
1033
983
1034
984
1035
985
1036
986
1037
987
1038
988
1039
989
1040
990
1041
991
1042
992
1043
993
1044
994
1045
995
1046
996
1047
997
1048
998
1049
999
1050
1000
1051
1001
1052
1002
1053
1003
1054
1004
1055
1005
1056
1006
1057
1007
1058
1008
1059
1009
1060
1010
1061
1011
1062
1063
1013
1064
1014
1065
1015
1066
1016
1067
1017
1068
1018
1069
1019
1070
1020
1071
1021
1072
1022
1073
1023
1074
1024
1075
1025
1076
1026
1077
1027
1078
1079
1029
1084
1030
1085
1031
1086
1032
1087
1033
1088
1034
1089
1035
1090
1036
1091
1037
1092
1038
1093
1039
1094
1040
1095
1041
1096
1042
1097
1043
1098
1044
1099
1045
1100
1046
1101
1047
1102
1048
1103
1049
1104
1050
1105
1051
1106
1052
1107
1053
1108
1054
1109
1055
1110
1056
1111
1057
1112
1058
1113
1059
1114
1060
1115
1061
1116
1062
1117
1063
1118
1119
1065
1120
1066
1121
1067
1122
1068
1123
1069
1124
1070
1125
1071
1126
1072
1127
1073
1128
1074
1129
1075
1130
1076
1131
1077
1132
1078
1133
1079
1134
1080
1135
1081
1136
1137
1083
1142
1084
1143
1085
1144
1086
1145
1087
1146
1088
1147
1089
1148
1090
1149
1091
1150
1092
1151
1093
1152
1094
1153
1095
1154
1096
1155
1097
1156
1098
1157
1099
1158
1100
1159
1101
1160
1102
1161
1103
1162
1104
1163
1105
1164
1106
1165
1107
1166
1108
1167
1109
1168
1110
1169
1111
1170
1112
1171
1113
1172
1114
1173
1115
1174
1116
1175
1117
1176
1118
1177
1119
1178
1179
1121
1180
1122
1181
1123
1182
1124
1183
1125
1184
1126
1185
1127
1186
1128
1187
1129
1188
1130
1189
1131
1190
1132
1191
1133
1192
1134
1193
1135
1194
1136
1195
1137
1196
1138
1197
1139
1198
1140
1199
1141
1200
1142
1201
1143
1202
1144
1203
1145
1204
1146
1205
1147
1206
1148
1207
1149
1208
1150
1209
1151
1210
1152
1211
1153
1212
1154
1213
1155
1214
1156
1215
1157
1216
1158
1217
1159
1218
1160
1219
1161
1220
1162
1221
1163
1222
1164
1223
1165
1224
1166
1225
1167
1226
1168
1227
1169
1228
1170
1229
1171
1230
1172
1231
1173
1232
1174
1233
1175
1234
1176
1235
1177
1236
1178
1237
1179
1238
1239
1181
1240
1182
1241
1183
1242
1184
1243
1185
1244
1186
1245
1187
1246
1188
1247
1189
1248
1190
1249
1191
1250
1192
1251
1193
1252
1194
1253
1195
1254
1196
1255
1197
1256
1198
1257
1199
1258
1200
1259
1201
1260
1202
1261
1203
1262
1204
1263
1205
1264
1206
1265
1207
1266
1208
1267
1209
1268
1210
1269
1211
1270
1212
1271
1213
1272
1214
1273
1215
1274
1216
1275
1217
1276
1218
1277
1219
1278
1220
1279
1221
1280
1222
1281
1223
1282
1224
1283
1225
1284
1226
1285
1227
1286
1228
1287
1229
1288
1230
1289
1231
1290
1232
1291
1233
1292
1234
1293
1235
1294
1236
1295
1237
1296
1238
1297
1239
1298
1299
1241
1300
1242
1301
1243
1302
1244
1303
1245
1304
1246
1305
1247
1306
1248
1307
1249
1308
1250
1309
1251
1310
1252
1311
1253
1312
1254
1313
1255
1314
1256
1315
1257
1316
1258
1317
1259
1318
1260
1319
1261
1320
1262
1321
1263
1322
1264
1323
1265
1324
1266
1325
1267
1326
1268
1327
1269
1328
1270
1329
1271
1330
1272
1331
1273
1332
1274
1333
1275
1334
1276
1335
1277
1336
1278
1337
1279
1338
1280
1339
1281
1340
1282
1341
1283
1342
1284
1343
1285
1344
1286
1345
1287
1346
1288
1347
1289
1348
1290
1349
1291
1350
1292
1351
1293
1352
1294
1353
1295
1354
1296
1355
1297
1356
1298
1357
1299
1358
1359
1301
1360
1302
1361
1303
1362
1304
1363
1305
1364
1306
1365
1307
1366
1308
1367
1309
1368
1310
1369
1311
1370
1312
1371
1313
1372
1314
1373
1315
1374
1316
1375
1317
1376
1318
1377
1319
1378
1320
1379
1321
1380
1322
1381
1323
1382
1324
1383
1325
1384
1326
1385
1327
1386
1328
1387
1329
1388
1330
1389
1331
1390
1332
1391
1333
1392
1334
1393
1335
1394
1336
1395
1337
1396
1338
1397
1339
1398
1340
1399
1341
1400
1342
1401
1343
1402
1344
1403
1345
1404
1346
1405
1347
1406
1348
1407
1349
1408
1350
1409
1351
1410
1352
1411
1353
1412
1354
1413
1355
1414
1356
1415
1357
1416
1358
1417
1359
1418
1419
1361
1420
1362
1421
1363
1422
1364
1423
1365
1424
1366
1425
1367
1426
1368
1427
1369
1428
1370
1429
1371
1430
1372
1431
1373
1432
1374
1433
1375
1434
1376
1435
1377
1436
1378
1437
1379
1438
1380
1439
1381
1440
1382
1441
1383
1442
1384
1443
1385
1444
1386
1445
1387
1446
1388
1447
1389
1448
1390
1449
1391
1450
1392
1451
1393
1452
1394
1453
1395
1454
1396
1455
1397
1456
1398
1457
1399
1458
1400
1459
1401
1460
1402
1461
1403
1462
1404
1463
1405
1464
1406
1465
1407
1466
1408
1467
1409
1468
1410
1469
1411
1470
1412
1471
1413
1472
1414
1473
1415
1474
1416
1475
1417
1476
1418
1477
1419
1478
1479
1421
1480
1422
1481
1423
1482
1424
1483
1425
1484
1426
1485
1427
1486
1428
1487
1429
1488
1430
1489
1431
1490
1432
1491
1433
1492
1434
1493
1435
1494
1436
1495
1437
1496
1438
1497
1439
1498
1440
1499
1441
1500
1442
1501
1443
1502
1444
1503
1445
1504
1446
1505
1447
1506
1448
1507
1449
1508
1450
1509
1451
1510
1452
1511
1453
1512
1454
1513
1455
1514
1456
1515
1457
1516
1458
1517
1459
1518
1460
1519
1461
1520
1462
1521
1463
1522
1464
1523
1465
1524
1466
1525
1467
1526
1468
1527
1469
1528
1470
1529
1471
1530
1472
1531
1473
1532
1474
1533
1475
1534
1476
1535
1477
1536
1478
1537
1479
1538
1539
1481
1540
1482
1541
1483
1542
1484
1543
1485
1544
1486
1545
1487
1546
1488
1547
1489
1548
1490
1549
1491
1550
1492
1551
1493
1552
1494
1553
1495
1554
1496
1555
1497
1556
1498
1557
1499
1558
1500
1559
1501
1560
1502
1561
1503
1562
1504
1563
1505
1564
1506
1565
1507
1566
1508
1567
1509
1568
1510
1569
1511
1570
1512
1571
1513
1572
1514
1573
1515
1574
1516
1575
1517
1576
1518
1577
1519
1578
1520
1579
1521
1580
1522
1581
1523
1582
1524
1583
1525
1584
1526
1585
1527
1586
1528
1587
1529
1588
1530
1589
1531
1590
1532
1591
1533
1592
1534
1593
1535
1594
1536
1595
1537
1596
1538
1597
1539
1598
1599
1541
1600
1542
1601
1543
1602
1544
1603
1545
1604
1546
1605
1547
1606
1548
1607
1549
1608
1550
1609
1551
1610
1552
1611
1553
1612
1554
1613
1555
1614
1556
1615
1557
1616
1558
1617
1559
1618
1560
1619
1561
1620
1562
1621
1563
1622
1564
1623
1565
1624
1566
1625
1567
1626
1568
1627
1569
1628
1570
1629
1571
1630
1572
1631
1573
1632
1574
1633
1575
1634
1576
1635
1577
1636
1578
1637
1579
1638
1580
1639
1581
1640
1582
1641
1583
1642
1584
1643
1585
1644
1586
1645
1587
1646
1588
1647
1589
1648
1590
1649
1591
1650
1592
1651
1593
1652
1594
1653
1595
1654
1596
1655
1597
1656
1598
1657
1599
1658
1659
1601
1660
1602
1661
1603
1662
1604
1663
1605
1664
1606
1665
1607
1666
1608
1667
1609
1668
1610
1669
1611
1670
1612
1671
1613
1672
1614
1673
1615
1674
1616
1675
1617
1676
1618
1677
1619
1678
1620
1679
1621
1680
1622
1681
1623
1682
1624
1683
1625
1684
1626
1685
1627
1686
1628
1687
1629
1688
1630
1689
1631
1690
1632
1691
1633
1692
1634
1693
1635
1694
1636
1695
1637
1696
1638
1697
1639
1698
1640
1699
1641
1700
1642
1701
1643
1702
1644
1703
1645
1704
1646
1705
1647
1706
1648
1707
1649
1708
1650
1709
1651
1710
1652
1711
1653
1712
1654
1713
1655
1714
1656
1715
1657
1716
1658
1717
1659
1718
1719
1661
1662
1663
1664
1665
1666
1667
1668
1669
1670
1671
1672
1673
1674
1675
1676
1677
1678
1679
1680
1681
1682
1683
1684
1685
1686
1687
1688
1689
1690
1691
1692
1693
1694
1695
1696
1697
1698
1699
1700
1701
1702
1703
1704
1705
1706
1707
1708
1709
1710
1711
1712
1713
1714
1715
1716
1717
1718
1719
)


// ************************************************************************* //
