/*--------------------------------*- C++ -*----------------------------------*\
| =========                 |                                                 |
| \\      /  F ield         | OpenFOAM: The Open Source CFD Toolbox           |
|  \\    /   O peration     | Version:  2.4.0                                 |
|   \\  /    A nd           | Web:      www.OpenFOAM.org                      |
|    \\/     M anipulation  |                                                 |
\*---------------------------------------------------------------------------*/
FoamFile
{
    version     2.0;
    format      ascii;
    class       vectorField;
    location    "0.002/polyMesh";
    object      points;
}
// * * * * * * * * * * * * * * * * * * * * * * * * * * * * * * * * * * * * * //


3644
(
(-0.02 -0.015 0)
(-0.019 -0.015 0)
(-0.018 -0.015 0)
(-0.017 -0.015 0)
(-0.016 -0.015 0)
(-0.015 -0.015 0)
(-0.014 -0.015 0)
(-0.013 -0.015 0)
(-0.012 -0.015 0)
(-0.011 -0.015 0)
(-0.01 -0.015 0)
(-0.009 -0.015 0)
(-0.008 -0.015 0)
(-0.007 -0.015 0)
(-0.006 -0.015 0)
(-0.00499999 -0.015 0)
(-0.00399999 -0.015 0)
(-0.00299999 -0.015 0)
(-0.00199999 -0.015 0)
(-0.000999997 -0.015 0)
(-5.92842e-10 -0.015 0)
(0.000999996 -0.015 0)
(0.00199999 -0.015 0)
(0.00299999 -0.015 0)
(0.00399999 -0.015 0)
(0.00499999 -0.015 0)
(0.006 -0.015 0)
(0.007 -0.015 0)
(0.008 -0.015 0)
(0.009 -0.015 0)
(0.01 -0.015 0)
(0.011 -0.015 0)
(0.012 -0.015 0)
(0.013 -0.015 0)
(0.014 -0.015 0)
(0.015 -0.015 0)
(0.016 -0.015 0)
(0.017 -0.015 0)
(0.018 -0.015 0)
(0.019 -0.015 0)
(0.02 -0.015 0)
(0.021 -0.015 0)
(0.022 -0.015 0)
(0.023 -0.015 0)
(0.024 -0.015 0)
(0.025 -0.015 0)
(0.026 -0.015 0)
(0.027 -0.015 0)
(0.028 -0.015 0)
(0.029 -0.015 0)
(0.03 -0.015 0)
(0.031 -0.015 0)
(0.032 -0.015 0)
(0.033 -0.015 0)
(0.034 -0.015 0)
(0.035 -0.015 0)
(0.036 -0.015 0)
(0.037 -0.015 0)
(0.038 -0.015 0)
(0.039 -0.015 0)
(0.04 -0.015 0)
(-0.02 -0.014 0)
(-0.019 -0.014 0)
(-0.018 -0.014 0)
(-0.017 -0.014 0)
(-0.016 -0.014 0)
(-0.015 -0.014 0)
(-0.014 -0.014 0)
(-0.013 -0.014 0)
(-0.012 -0.014 0)
(-0.011 -0.014 0)
(-0.01 -0.014 0)
(-0.009 -0.014 0)
(-0.008 -0.014 0)
(-0.00699999 -0.014 0)
(-0.00599999 -0.014 0)
(-0.00499998 -0.014 0)
(-0.00399998 -0.014 0)
(-0.00299998 -0.0139999 0)
(-0.00199998 -0.0139999 0)
(-0.00099999 -0.0139999 0)
(-1.80281e-09 -0.0139999 0)
(0.000999987 -0.0139999 0)
(0.00199998 -0.0139999 0)
(0.00299997 -0.0139999 0)
(0.00399998 -0.014 0)
(0.00499998 -0.014 0)
(0.00599999 -0.014 0)
(0.00699999 -0.014 0)
(0.008 -0.014 0)
(0.009 -0.014 0)
(0.01 -0.014 0)
(0.011 -0.014 0)
(0.012 -0.014 0)
(0.013 -0.014 0)
(0.014 -0.014 0)
(0.015 -0.014 0)
(0.016 -0.014 0)
(0.017 -0.014 0)
(0.018 -0.014 0)
(0.019 -0.014 0)
(0.02 -0.014 0)
(0.021 -0.014 0)
(0.022 -0.014 0)
(0.023 -0.014 0)
(0.024 -0.014 0)
(0.025 -0.014 0)
(0.026 -0.014 0)
(0.027 -0.014 0)
(0.028 -0.014 0)
(0.029 -0.014 0)
(0.03 -0.014 0)
(0.031 -0.014 0)
(0.032 -0.014 0)
(0.033 -0.014 0)
(0.034 -0.014 0)
(0.035 -0.014 0)
(0.036 -0.014 0)
(0.037 -0.014 0)
(0.038 -0.014 0)
(0.039 -0.014 0)
(0.04 -0.014 0)
(-0.02 -0.013 0)
(-0.019 -0.013 0)
(-0.018 -0.013 0)
(-0.017 -0.013 0)
(-0.016 -0.013 0)
(-0.015 -0.013 0)
(-0.014 -0.013 0)
(-0.013 -0.013 0)
(-0.012 -0.013 0)
(-0.011 -0.013 0)
(-0.01 -0.013 0)
(-0.00899999 -0.013 0)
(-0.00799999 -0.013 0)
(-0.00699997 -0.013 0)
(-0.00599995 -0.0129999 0)
(-0.00499993 -0.0129999 0)
(-0.00399991 -0.0129998 0)
(-0.00299991 -0.0129997 0)
(-0.00199993 -0.0129997 0)
(-0.000999962 -0.0129996 0)
(-6.49863e-09 -0.0129996 0)
(0.000999949 -0.0129996 0)
(0.00199992 -0.0129997 0)
(0.0029999 -0.0129997 0)
(0.00399991 -0.0129998 0)
(0.00499992 -0.0129999 0)
(0.00599995 -0.0129999 0)
(0.00699997 -0.013 0)
(0.00799999 -0.013 0)
(0.00899999 -0.013 0)
(0.01 -0.013 0)
(0.011 -0.013 0)
(0.012 -0.013 0)
(0.013 -0.013 0)
(0.014 -0.013 0)
(0.015 -0.013 0)
(0.016 -0.013 0)
(0.017 -0.013 0)
(0.018 -0.013 0)
(0.019 -0.013 0)
(0.02 -0.013 0)
(0.021 -0.013 0)
(0.022 -0.013 0)
(0.023 -0.013 0)
(0.024 -0.013 0)
(0.025 -0.013 0)
(0.026 -0.013 0)
(0.027 -0.013 0)
(0.028 -0.013 0)
(0.029 -0.013 0)
(0.03 -0.013 0)
(0.031 -0.013 0)
(0.032 -0.013 0)
(0.033 -0.013 0)
(0.034 -0.013 0)
(0.035 -0.013 0)
(0.036 -0.013 0)
(0.037 -0.013 0)
(0.038 -0.013 0)
(0.039 -0.013 0)
(0.04 -0.013 0)
(-0.02 -0.012 0)
(-0.019 -0.012 0)
(-0.018 -0.012 0)
(-0.017 -0.012 0)
(-0.016 -0.012 0)
(-0.015 -0.012 0)
(-0.014 -0.012 0)
(-0.013 -0.012 0)
(-0.012 -0.012 0)
(-0.011 -0.012 0)
(-0.00999999 -0.012 0)
(-0.00899998 -0.012 0)
(-0.00799995 -0.0119999 0)
(-0.00699989 -0.0119999 0)
(-0.00599981 -0.0119998 0)
(-0.00499973 -0.0119996 0)
(-0.00399968 -0.0119994 0)
(-0.00299968 -0.0119991 0)
(-0.00199975 -0.0119989 0)
(-0.00099987 -0.0119988 0)
(-2.08725e-08 -0.0119987 0)
(0.00099983 -0.0119987 0)
(0.00199972 -0.0119989 0)
(0.00299966 -0.0119991 0)
(0.00399966 -0.0119993 0)
(0.00499972 -0.0119996 0)
(0.00599981 -0.0119997 0)
(0.00699989 -0.0119999 0)
(0.00799995 -0.0119999 0)
(0.00899998 -0.012 0)
(0.00999999 -0.012 0)
(0.011 -0.012 0)
(0.012 -0.012 0)
(0.013 -0.012 0)
(0.014 -0.012 0)
(0.015 -0.012 0)
(0.016 -0.012 0)
(0.017 -0.012 0)
(0.018 -0.012 0)
(0.019 -0.012 0)
(0.02 -0.012 0)
(0.021 -0.012 0)
(0.022 -0.012 0)
(0.023 -0.012 0)
(0.024 -0.012 0)
(0.025 -0.012 0)
(0.026 -0.012 0)
(0.027 -0.012 0)
(0.028 -0.012 0)
(0.029 -0.012 0)
(0.03 -0.012 0)
(0.031 -0.012 0)
(0.032 -0.012 0)
(0.033 -0.012 0)
(0.034 -0.012 0)
(0.035 -0.012 0)
(0.036 -0.012 0)
(0.037 -0.012 0)
(0.038 -0.012 0)
(0.039 -0.012 0)
(0.04 -0.012 0)
(-0.02 -0.011 0)
(-0.019 -0.011 0)
(-0.018 -0.011 0)
(-0.017 -0.011 0)
(-0.016 -0.011 0)
(-0.015 -0.011 0)
(-0.014 -0.011 0)
(-0.013 -0.011 0)
(-0.012 -0.011 0)
(-0.011 -0.011 0)
(-0.00999997 -0.011 0)
(-0.00899992 -0.0109999 0)
(-0.00799981 -0.0109998 0)
(-0.00699962 -0.0109996 0)
(-0.00599937 -0.0109992 0)
(-0.00499912 -0.0109987 0)
(-0.00399898 -0.0109981 0)
(-0.00299902 -0.0109974 0)
(-0.00199925 -0.0109969 0)
(-0.000999608 -0.0109965 0)
(-5.85868e-08 -0.0109963 0)
(0.000999494 -0.0109964 0)
(0.00199914 -0.0109968 0)
(0.00299895 -0.0109974 0)
(0.00399893 -0.010998 0)
(0.0049991 -0.0109986 0)
(0.00599936 -0.0109992 0)
(0.00699963 -0.0109996 0)
(0.00799981 -0.0109998 0)
(0.00899992 -0.0109999 0)
(0.00999997 -0.011 0)
(0.011 -0.011 0)
(0.012 -0.011 0)
(0.013 -0.011 0)
(0.014 -0.011 0)
(0.015 -0.011 0)
(0.016 -0.011 0)
(0.017 -0.011 0)
(0.018 -0.011 0)
(0.019 -0.011 0)
(0.02 -0.011 0)
(0.021 -0.011 0)
(0.022 -0.011 0)
(0.023 -0.011 0)
(0.024 -0.011 0)
(0.025 -0.011 0)
(0.026 -0.011 0)
(0.027 -0.011 0)
(0.028 -0.011 0)
(0.029 -0.011 0)
(0.03 -0.011 0)
(0.031 -0.011 0)
(0.032 -0.011 0)
(0.033 -0.011 0)
(0.034 -0.011 0)
(0.035 -0.011 0)
(0.036 -0.011 0)
(0.037 -0.011 0)
(0.038 -0.011 0)
(0.039 -0.011 0)
(0.04 -0.011 0)
(-0.02 -0.01 0)
(-0.019 -0.01 0)
(-0.018 -0.01 0)
(-0.017 -0.01 0)
(-0.016 -0.01 0)
(-0.015 -0.01 0)
(-0.014 -0.01 0)
(-0.013 -0.01 0)
(-0.012 -0.00999999 0)
(-0.011 -0.00999997 0)
(-0.00999991 -0.00999992 0)
(-0.00899975 -0.00999976 0)
(-0.00799943 -0.00999942 0)
(-0.00699887 -0.00999878 0)
(-0.00599814 -0.00999776 0)
(-0.00499745 -0.00999643 0)
(-0.00399712 -0.00999493 0)
(-0.00299733 -0.00999345 0)
(-0.00199799 -0.00999214 0)
(-0.000998958 -0.00999123 0)
(-1.428e-07 -0.00999091 0)
(0.000998678 -0.00999119 0)
(0.00199774 -0.00999203 0)
(0.00299715 -0.0099933 0)
(0.00399702 -0.00999476 0)
(0.00499741 -0.00999628 0)
(0.00599813 -0.00999766 0)
(0.00699888 -0.00999871 0)
(0.00799943 -0.00999939 0)
(0.00899976 -0.00999975 0)
(0.00999991 -0.00999991 0)
(0.011 -0.00999997 0)
(0.012 -0.00999999 0)
(0.013 -0.01 0)
(0.014 -0.01 0)
(0.015 -0.01 0)
(0.016 -0.01 0)
(0.017 -0.01 0)
(0.018 -0.01 0)
(0.019 -0.01 0)
(0.02 -0.01 0)
(0.021 -0.01 0)
(0.022 -0.01 0)
(0.023 -0.01 0)
(0.024 -0.01 0)
(0.025 -0.01 0)
(0.026 -0.01 0)
(0.027 -0.01 0)
(0.028 -0.01 0)
(0.029 -0.01 0)
(0.03 -0.01 0)
(0.031 -0.01 0)
(0.032 -0.01 0)
(0.033 -0.01 0)
(0.034 -0.01 0)
(0.035 -0.01 0)
(0.036 -0.01 0)
(0.037 -0.01 0)
(0.038 -0.01 0)
(0.039 -0.01 0)
(0.04 -0.01 0)
(-0.02 -0.009 0)
(-0.019 -0.009 0)
(-0.018 -0.009 0)
(-0.017 -0.009 0)
(-0.016 -0.009 0)
(-0.015 -0.009 0)
(-0.014 -0.009 0)
(-0.013 -0.009 0)
(-0.012 -0.00899998 0)
(-0.0109999 -0.00899993 0)
(-0.00999974 -0.00899977 0)
(-0.00899932 -0.00899937 0)
(-0.00799846 -0.0089985 0)
(-0.00699703 -0.00899691 0)
(-0.00599515 -0.00899449 0)
(-0.00499348 -0.00899147 0)
(-0.00399283 -0.00898831 0)
(-0.00299361 -0.00898543 0)
(-0.00199532 -0.0089829 0)
(-0.000997577 -0.00898115 0)
(-2.99821e-07 -0.00898062 0)
(0.00099698 -0.00898107 0)
(0.00199477 -0.00898264 0)
(0.00299321 -0.00898506 0)
(0.00399263 -0.0089879 0)
(0.00499343 -0.00899111 0)
(0.00599516 -0.00899423 0)
(0.00699705 -0.00899676 0)
(0.00799848 -0.00899842 0)
(0.00899933 -0.00899934 0)
(0.00999975 -0.00899976 0)
(0.0109999 -0.00899992 0)
(0.012 -0.00899998 0)
(0.013 -0.00899999 0)
(0.014 -0.009 0)
(0.015 -0.009 0)
(0.016 -0.009 0)
(0.017 -0.009 0)
(0.018 -0.009 0)
(0.019 -0.009 0)
(0.02 -0.009 0)
(0.021 -0.009 0)
(0.022 -0.009 0)
(0.023 -0.009 0)
(0.024 -0.009 0)
(0.025 -0.009 0)
(0.026 -0.009 0)
(0.027 -0.009 0)
(0.028 -0.009 0)
(0.029 -0.009 0)
(0.03 -0.009 0)
(0.031 -0.009 0)
(0.032 -0.009 0)
(0.033 -0.009 0)
(0.034 -0.009 0)
(0.035 -0.009 0)
(0.036 -0.009 0)
(0.037 -0.009 0)
(0.038 -0.009 0)
(0.039 -0.009 0)
(0.04 -0.009 0)
(-0.02 -0.008 0)
(-0.019 -0.008 0)
(-0.018 -0.008 0)
(-0.017 -0.008 0)
(-0.016 -0.008 0)
(-0.015 -0.008 0)
(-0.014 -0.008 0)
(-0.013 -0.00799999 0)
(-0.0119999 -0.00799995 0)
(-0.0109998 -0.00799983 0)
(-0.00999938 -0.00799947 0)
(-0.00899839 -0.00799857 0)
(-0.00799642 -0.00799666 0)
(-0.00699315 -0.00799324 0)
(-0.00598892 -0.00798814 0)
(-0.00498516 -0.00798205 0)
(-0.00398416 -0.00797639 0)
(-0.00298666 -0.00797192 0)
(-0.00199057 -0.00796787 0)
(-0.000995078 -0.00796501 0)
(-5.35262e-07 -0.0079645 0)
(0.000993984 -0.00796494 0)
(0.0019895 -0.0079673 0)
(0.00298591 -0.00797113 0)
(0.00398385 -0.0079755 0)
(0.00498512 -0.00798124 0)
(0.00598897 -0.00798756 0)
(0.00699321 -0.00799289 0)
(0.00799645 -0.00799648 0)
(0.00899841 -0.00799849 0)
(0.00999938 -0.00799944 0)
(0.0109998 -0.00799982 0)
(0.0119999 -0.00799995 0)
(0.013 -0.00799999 0)
(0.014 -0.008 0)
(0.015 -0.008 0)
(0.016 -0.008 0)
(0.017 -0.008 0)
(0.018 -0.008 0)
(0.019 -0.008 0)
(0.02 -0.008 0)
(0.021 -0.008 0)
(0.022 -0.008 0)
(0.023 -0.008 0)
(0.024 -0.008 0)
(0.025 -0.008 0)
(0.026 -0.008 0)
(0.027 -0.008 0)
(0.028 -0.008 0)
(0.029 -0.008 0)
(0.03 -0.008 0)
(0.031 -0.008 0)
(0.032 -0.008 0)
(0.033 -0.008 0)
(0.034 -0.008 0)
(0.035 -0.008 0)
(0.036 -0.008 0)
(0.037 -0.008 0)
(0.038 -0.008 0)
(0.039 -0.008 0)
(0.04 -0.008 0)
(-0.02 -0.007 0)
(-0.019 -0.007 0)
(-0.018 -0.007 0)
(-0.017 -0.007 0)
(-0.016 -0.007 0)
(-0.015 -0.007 0)
(-0.014 -0.00699999 0)
(-0.013 -0.00699997 0)
(-0.0119999 -0.0069999 0)
(-0.0109995 -0.00699965 0)
(-0.00999869 -0.00699895 0)
(-0.0089967 -0.00699723 0)
(-0.00799275 -0.00699362 0)
(-0.00698627 -0.0069872 0)
(-0.00597776 -0.00697774 0)
(-0.00497004 -0.00696676 0)
(-0.00396851 -0.00695794 0)
(-0.0029759 -0.00695348 0)
(-0.00198373 -0.00694807 0)
(-0.000991275 -0.00694408 0)
(-7.93018e-07 -0.00694493 0)
(0.000989572 -0.00694431 0)
(0.00198183 -0.00694689 0)
(0.00297465 -0.00695203 0)
(0.00396817 -0.0069562 0)
(0.00497015 -0.00696518 0)
(0.00597795 -0.0069766 0)
(0.00698639 -0.00698652 0)
(0.00799282 -0.00699327 0)
(0.00899672 -0.00699708 0)
(0.0099987 -0.00699889 0)
(0.0109996 -0.00699963 0)
(0.0119999 -0.00699989 0)
(0.013 -0.00699997 0)
(0.014 -0.00699999 0)
(0.015 -0.007 0)
(0.016 -0.007 0)
(0.017 -0.007 0)
(0.018 -0.007 0)
(0.019 -0.007 0)
(0.02 -0.007 0)
(0.021 -0.007 0)
(0.022 -0.007 0)
(0.023 -0.007 0)
(0.024 -0.007 0)
(0.025 -0.007 0)
(0.026 -0.007 0)
(0.027 -0.007 0)
(0.028 -0.007 0)
(0.029 -0.007 0)
(0.03 -0.007 0)
(0.031 -0.007 0)
(0.032 -0.007 0)
(0.033 -0.007 0)
(0.034 -0.007 0)
(0.035 -0.007 0)
(0.036 -0.007 0)
(0.037 -0.007 0)
(0.038 -0.007 0)
(0.039 -0.007 0)
(0.04 -0.007 0)
(-0.02 -0.006 0)
(-0.019 -0.006 0)
(-0.018 -0.006 0)
(-0.017 -0.006 0)
(-0.016 -0.006 0)
(-0.015 -0.006 0)
(-0.014 -0.00599999 0)
(-0.0129999 -0.00599995 0)
(-0.0119997 -0.00599982 0)
(-0.0109992 -0.00599941 0)
(-0.00999763 -0.00599825 0)
(-0.00899415 -0.00599547 0)
(-0.00798736 -0.00598965 0)
(-0.00697617 -0.00597928 0)
(-0.00596108 -0.00596377 0)
(-0.0049461 -0.00594544 0)
(-0.00394128 -0.00593171 0)
(-0.00296283 -0.00593475 0)
(-0.00197671 -0.00592883 0)
(-0.000986421 -0.00592296 0)
(-9.31279e-07 -0.00592965 0)
(0.000984271 -0.0059245 0)
(0.00197348 -0.00592619 0)
(0.00296101 -0.00593259 0)
(0.00394138 -0.00592857 0)
(0.00494664 -0.00594264 0)
(0.00596149 -0.00596184 0)
(0.00697638 -0.00597816 0)
(0.00798744 -0.00598909 0)
(0.00899417 -0.00599522 0)
(0.00999763 -0.00599816 0)
(0.0109992 -0.00599937 0)
(0.0119997 -0.00599981 0)
(0.0129999 -0.00599995 0)
(0.014 -0.00599999 0)
(0.015 -0.006 0)
(0.016 -0.006 0)
(0.017 -0.006 0)
(0.018 -0.006 0)
(0.019 -0.006 0)
(0.02 -0.006 0)
(0.021 -0.006 0)
(0.022 -0.006 0)
(0.023 -0.006 0)
(0.024 -0.006 0)
(0.025 -0.006 0)
(0.026 -0.006 0)
(0.027 -0.006 0)
(0.028 -0.006 0)
(0.029 -0.006 0)
(0.03 -0.006 0)
(0.031 -0.006 0)
(0.032 -0.006 0)
(0.033 -0.006 0)
(0.034 -0.006 0)
(0.035 -0.006 0)
(0.036 -0.006 0)
(0.037 -0.006 0)
(0.038 -0.006 0)
(0.039 -0.006 0)
(0.04 -0.006 0)
(-0.02 -0.005 0)
(-0.019 -0.005 0)
(-0.018 -0.005 0)
(-0.017 -0.005 0)
(-0.016 -0.005 0)
(-0.015 -0.005 0)
(-0.014 -0.00499998 0)
(-0.0129999 -0.00499993 0)
(-0.0119996 -0.00499974 0)
(-0.0109986 -0.00499916 0)
(-0.00999626 -0.00499758 0)
(-0.00899103 -0.00499385 0)
(-0.00798102 -0.00498606 0)
(-0.00696464 -0.00497199 0)
(-0.00594149 -0.00494989 0)
(-0.00491482 -0.00492119 0)
(-0.00389689 -0.00489605 0)
(-0.00295213 -0.00492583 0)
(-0.00172051 -0.00467926 0)
(-0.000911049 -0.00489566 0)
(-8.66029e-07 -0.00497958 0)
(0.000909051 -0.00490018 0)
(0.00171555 -0.00467356 0)
(0.00294997 -0.00492421 0)
(0.00389855 -0.00489064 0)
(0.00491615 -0.00491686 0)
(0.00594212 -0.00494712 0)
(0.00696484 -0.00497046 0)
(0.00798105 -0.00498531 0)
(0.00899102 -0.00499352 0)
(0.00999625 -0.00499746 0)
(0.0109986 -0.00499912 0)
(0.0119996 -0.00499973 0)
(0.0129999 -0.00499993 0)
(0.014 -0.00499998 0)
(0.015 -0.005 0)
(0.016 -0.005 0)
(0.017 -0.005 0)
(0.018 -0.005 0)
(0.019 -0.005 0)
(0.02 -0.005 0)
(0.021 -0.005 0)
(0.022 -0.005 0)
(0.023 -0.005 0)
(0.024 -0.005 0)
(0.025 -0.005 0)
(0.026 -0.005 0)
(0.027 -0.005 0)
(0.028 -0.005 0)
(0.029 -0.005 0)
(0.03 -0.005 0)
(0.031 -0.005 0)
(0.032 -0.005 0)
(0.033 -0.005 0)
(0.034 -0.005 0)
(0.035 -0.005 0)
(0.036 -0.005 0)
(0.037 -0.005 0)
(0.038 -0.005 0)
(0.039 -0.005 0)
(0.04 -0.005 0)
(-0.02 -0.004 0)
(-0.019 -0.004 0)
(-0.018 -0.004 0)
(-0.017 -0.004 0)
(-0.016 -0.004 0)
(-0.015 -0.004 0)
(-0.014 -0.00399998 0)
(-0.0129998 -0.00399991 0)
(-0.0119993 -0.00399969 0)
(-0.010998 -0.00399901 0)
(-0.00999476 -0.00399722 0)
(-0.00898788 -0.00399313 0)
(-0.0079754 -0.0039849 0)
(-0.00695586 -0.0039702 0)
(-0.00592747 -0.00394504 0)
(-0.00488764 -0.00390495 0)
(-0.00351643 -0.00353175 0)
(-0.00296877 -0.00399657 0)
(0.00296687 -0.00399979 0)
(0.00352123 -0.00352256 0)
(0.00488968 -0.00389933 0)
(0.00592787 -0.00394195 0)
(0.00695575 -0.00396861 0)
(0.00797525 -0.00398413 0)
(0.00898778 -0.00399279 0)
(0.00999471 -0.00399709 0)
(0.010998 -0.00399896 0)
(0.0119993 -0.00399967 0)
(0.0129998 -0.00399991 0)
(0.014 -0.00399998 0)
(0.015 -0.004 0)
(0.016 -0.004 0)
(0.017 -0.004 0)
(0.018 -0.004 0)
(0.019 -0.004 0)
(0.02 -0.004 0)
(0.021 -0.004 0)
(0.022 -0.004 0)
(0.023 -0.004 0)
(0.024 -0.004 0)
(0.025 -0.004 0)
(0.026 -0.004 0)
(0.027 -0.004 0)
(0.028 -0.004 0)
(0.029 -0.004 0)
(0.03 -0.004 0)
(0.031 -0.004 0)
(0.032 -0.004 0)
(0.033 -0.004 0)
(0.034 -0.004 0)
(0.035 -0.004 0)
(0.036 -0.004 0)
(0.037 -0.004 0)
(0.038 -0.004 0)
(0.039 -0.004 0)
(0.04 -0.004 0)
(-0.02 -0.003 0)
(-0.019 -0.003 0)
(-0.018 -0.003 0)
(-0.017 -0.003 0)
(-0.016 -0.003 0)
(-0.015 -0.00299999 0)
(-0.0139999 -0.00299998 0)
(-0.0129997 -0.00299991 0)
(-0.0119991 -0.00299969 0)
(-0.0109974 -0.00299903 0)
(-0.00999333 -0.00299737 0)
(-0.00898513 -0.00299372 0)
(-0.00797129 -0.00298691 0)
(-0.00695235 -0.00297636 0)
(-0.00593314 -0.00296344 0)
(-0.0049243 -0.00295258 0)
(-0.00399701 -0.00296831 0)
(0.00399899 -0.00296692 0)
(0.00492348 -0.00295011 0)
(0.0059318 -0.00296161 0)
(0.00695151 -0.00297529 0)
(0.00797087 -0.00298636 0)
(0.00898495 -0.00299347 0)
(0.00999326 -0.00299727 0)
(0.0109974 -0.002999 0)
(0.0119991 -0.00299968 0)
(0.0129997 -0.00299991 0)
(0.0139999 -0.00299998 0)
(0.015 -0.00299999 0)
(0.016 -0.003 0)
(0.017 -0.003 0)
(0.018 -0.003 0)
(0.019 -0.003 0)
(0.02 -0.003 0)
(0.021 -0.003 0)
(0.022 -0.003 0)
(0.023 -0.003 0)
(0.024 -0.003 0)
(0.025 -0.003 0)
(0.026 -0.003 0)
(0.027 -0.003 0)
(0.028 -0.003 0)
(0.029 -0.003 0)
(0.03 -0.003 0)
(0.031 -0.003 0)
(0.032 -0.003 0)
(0.033 -0.003 0)
(0.034 -0.003 0)
(0.035 -0.003 0)
(0.036 -0.003 0)
(0.037 -0.003 0)
(0.038 -0.003 0)
(0.039 -0.003 0)
(0.04 -0.003 0)
(-0.02 -0.002 0)
(-0.019 -0.002 0)
(-0.018 -0.002 0)
(-0.017 -0.002 0)
(-0.016 -0.002 0)
(-0.015 -0.002 0)
(-0.0139999 -0.00199998 0)
(-0.0129997 -0.00199993 0)
(-0.0119989 -0.00199974 0)
(-0.0109968 -0.00199923 0)
(-0.00999207 -0.00199795 0)
(-0.00898274 -0.00199525 0)
(-0.00796757 -0.00199042 0)
(-0.00694763 -0.00198335 0)
(-0.00592845 -0.00197553 0)
(-0.00467919 -0.00171761 0)
(0.00467309 -0.00171521 0)
(0.00592507 -0.00197461 0)
(0.00694639 -0.00198292 0)
(0.00796719 -0.00199018 0)
(0.00898265 -0.00199512 0)
(0.00999206 -0.00199789 0)
(0.0109968 -0.00199921 0)
(0.0119989 -0.00199974 0)
(0.0129997 -0.00199992 0)
(0.0139999 -0.00199998 0)
(0.015 -0.002 0)
(0.016 -0.002 0)
(0.017 -0.002 0)
(0.018 -0.002 0)
(0.019 -0.002 0)
(0.02 -0.002 0)
(0.021 -0.002 0)
(0.022 -0.002 0)
(0.023 -0.002 0)
(0.024 -0.002 0)
(0.025 -0.002 0)
(0.026 -0.002 0)
(0.027 -0.002 0)
(0.028 -0.002 0)
(0.029 -0.002 0)
(0.03 -0.002 0)
(0.031 -0.002 0)
(0.032 -0.002 0)
(0.033 -0.002 0)
(0.034 -0.002 0)
(0.035 -0.002 0)
(0.036 -0.002 0)
(0.037 -0.002 0)
(0.038 -0.002 0)
(0.039 -0.002 0)
(0.04 -0.002 0)
(-0.02 -0.001 0)
(-0.019 -0.001 0)
(-0.018 -0.001 0)
(-0.017 -0.001 0)
(-0.016 -0.000999999 0)
(-0.015 -0.000999997 0)
(-0.0139999 -0.000999989 0)
(-0.0129996 -0.000999957 0)
(-0.0119988 -0.000999855 0)
(-0.0109964 -0.000999568 0)
(-0.0099912 -0.000998866 0)
(-0.00898109 -0.000997396 0)
(-0.0079649 -0.000994793 0)
(-0.00694396 -0.000990976 0)
(-0.00592294 -0.000986477 0)
(-0.00489585 -0.000912004 0)
(0.00488945 -0.000917288 0)
(0.00592154 -0.000988552 0)
(0.00694427 -0.000991451 0)
(0.00796537 -0.000994811 0)
(0.00898139 -0.000997339 0)
(0.00999135 -0.000998825 0)
(0.0109965 -0.000999549 0)
(0.0119988 -0.000999848 0)
(0.0129996 -0.000999955 0)
(0.0139999 -0.000999988 0)
(0.015 -0.000999997 0)
(0.016 -0.000999999 0)
(0.017 -0.001 0)
(0.018 -0.001 0)
(0.019 -0.001 0)
(0.02 -0.001 0)
(0.021 -0.001 0)
(0.022 -0.001 0)
(0.023 -0.001 0)
(0.024 -0.001 0)
(0.025 -0.001 0)
(0.026 -0.001 0)
(0.027 -0.001 0)
(0.028 -0.001 0)
(0.029 -0.001 0)
(0.03 -0.001 0)
(0.031 -0.001 0)
(0.032 -0.001 0)
(0.033 -0.001 0)
(0.034 -0.001 0)
(0.035 -0.001 0)
(0.036 -0.001 0)
(0.037 -0.001 0)
(0.038 -0.001 0)
(0.039 -0.001 0)
(0.04 -0.001 0)
(-0.02 7.16936e-15 0)
(-0.019 3.88275e-14 0)
(-0.018 2.43072e-13 0)
(-0.017 1.36642e-12 0)
(-0.016 6.52931e-12 0)
(-0.015 2.71543e-11 0)
(-0.0139999 9.79773e-11 0)
(-0.0129996 3.0613e-10 0)
(-0.0119987 8.31004e-10 0)
(-0.0109963 1.98507e-09 0)
(-0.00999091 4.23112e-09 0)
(-0.00898061 7.51321e-09 0)
(-0.00796448 4.01986e-09 0)
(-0.00694489 -6.56164e-08 0)
(-0.00592957 -4.78299e-07 0)
(-0.00497943 -1.69272e-06 0)
(0.005 -1.22465e-18 0)
(0.00593938 3.63555e-07 0)
(0.00694895 4.39381e-07 0)
(0.00796623 3.26938e-07 0)
(0.00898137 1.89874e-07 0)
(0.00999123 9.1862e-08 0)
(0.0109964 3.7964e-08 0)
(0.0119987 1.35692e-08 0)
(0.0129996 4.22616e-09 0)
(0.0139999 1.15296e-09 0)
(0.015 2.76584e-10 0)
(0.016 5.85103e-11 0)
(0.017 1.09369e-11 0)
(0.018 1.80339e-12 0)
(0.019 2.63767e-13 0)
(0.02 3.4179e-14 0)
(0.021 3.91746e-15 0)
(0.022 3.96131e-16 0)
(0.023 3.51796e-17 0)
(0.024 2.65739e-18 0)
(0.025 1.86718e-19 0)
(0.026 1.03476e-19 0)
(0.027 9.30686e-20 0)
(0.028 1.8506e-19 0)
(0.029 1.85038e-19 0)
(0.03 -9.25186e-20 0)
(0.031 -9.25186e-20 0)
(0.032 8.08722e-30 0)
(0.033 8.33522e-32 0)
(0.034 9.25186e-20 0)
(0.035 9.25186e-20 0)
(0.036 -1.85037e-19 0)
(0.037 -1.85037e-19 0)
(0.038 -9.25186e-20 0)
(0.039 -9.25186e-20 0)
(0.04 0 0)
(-0.02 0.001 0)
(-0.019 0.001 0)
(-0.018 0.001 0)
(-0.017 0.001 0)
(-0.016 0.000999999 0)
(-0.015 0.000999997 0)
(-0.0139999 0.000999989 0)
(-0.0129996 0.000999957 0)
(-0.0119988 0.000999855 0)
(-0.0109964 0.000999567 0)
(-0.0099912 0.000998864 0)
(-0.0089811 0.000997402 0)
(-0.00796499 0.000994862 0)
(-0.00694437 0.000991341 0)
(-0.00592449 0.000987952 0)
(-0.00489996 0.000916059 0)
(0.00489639 0.000918953 0)
(0.00592552 0.000990069 0)
(0.00694621 0.000992591 0)
(0.00796628 0.000995535 0)
(0.0089818 0.000997732 0)
(0.00999152 0.00099901 0)
(0.0109966 0.000999624 0)
(0.0119988 0.000999875 0)
(0.0129996 0.000999963 0)
(0.0139999 0.000999991 0)
(0.015 0.000999998 0)
(0.016 0.001 0)
(0.017 0.001 0)
(0.018 0.001 0)
(0.019 0.001 0)
(0.02 0.001 0)
(0.021 0.001 0)
(0.022 0.001 0)
(0.023 0.001 0)
(0.024 0.001 0)
(0.025 0.001 0)
(0.026 0.001 0)
(0.027 0.001 0)
(0.028 0.001 0)
(0.029 0.001 0)
(0.03 0.001 0)
(0.031 0.001 0)
(0.032 0.001 0)
(0.033 0.001 0)
(0.034 0.001 0)
(0.035 0.001 0)
(0.036 0.001 0)
(0.037 0.001 0)
(0.038 0.001 0)
(0.039 0.001 0)
(0.04 0.001 0)
(-0.02 0.002 0)
(-0.019 0.002 0)
(-0.018 0.002 0)
(-0.017 0.002 0)
(-0.016 0.002 0)
(-0.015 0.002 0)
(-0.0139999 0.00199998 0)
(-0.0129997 0.00199992 0)
(-0.0119989 0.00199974 0)
(-0.0109968 0.00199921 0)
(-0.00999205 0.0019979 0)
(-0.00898269 0.00199513 0)
(-0.00796742 0.00199018 0)
(-0.00694715 0.00198289 0)
(-0.00592672 0.00197456 0)
(-0.0046745 0.00171533 0)
(0.00467646 0.00171886 0)
(0.0059282 0.00197698 0)
(0.00694848 0.00198428 0)
(0.00796837 0.00199093 0)
(0.00898323 0.0019955 0)
(0.00999231 0.00199806 0)
(0.0109969 0.00199927 0)
(0.0119989 0.00199976 0)
(0.0129997 0.00199993 0)
(0.0139999 0.00199998 0)
(0.015 0.002 0)
(0.016 0.002 0)
(0.017 0.002 0)
(0.018 0.002 0)
(0.019 0.002 0)
(0.02 0.002 0)
(0.021 0.002 0)
(0.022 0.002 0)
(0.023 0.002 0)
(0.024 0.002 0)
(0.025 0.002 0)
(0.026 0.002 0)
(0.027 0.002 0)
(0.028 0.002 0)
(0.029 0.002 0)
(0.03 0.002 0)
(0.031 0.002 0)
(0.032 0.002 0)
(0.033 0.002 0)
(0.034 0.002 0)
(0.035 0.002 0)
(0.036 0.002 0)
(0.037 0.002 0)
(0.038 0.002 0)
(0.039 0.002 0)
(0.04 0.002 0)
(-0.02 0.003 0)
(-0.019 0.003 0)
(-0.018 0.003 0)
(-0.017 0.003 0)
(-0.016 0.003 0)
(-0.015 0.00299999 0)
(-0.0139999 0.00299998 0)
(-0.0129997 0.00299991 0)
(-0.0119991 0.00299968 0)
(-0.0109974 0.002999 0)
(-0.00999332 0.00299727 0)
(-0.0089851 0.00299347 0)
(-0.00797124 0.00298637 0)
(-0.00695226 0.00297535 0)
(-0.00593309 0.00296187 0)
(-0.00492537 0.00295103 0)
(-0.00400227 0.00296926 0)
(0.00399808 0.00297013 0)
(0.00492539 0.00295226 0)
(0.00593431 0.00296304 0)
(0.00695341 0.00297618 0)
(0.00797202 0.00298688 0)
(0.00898553 0.00299373 0)
(0.00999352 0.00299739 0)
(0.0109975 0.00299905 0)
(0.0119991 0.00299969 0)
(0.0129997 0.00299991 0)
(0.0139999 0.00299998 0)
(0.015 0.003 0)
(0.016 0.003 0)
(0.017 0.003 0)
(0.018 0.003 0)
(0.019 0.003 0)
(0.02 0.003 0)
(0.021 0.003 0)
(0.022 0.003 0)
(0.023 0.003 0)
(0.024 0.003 0)
(0.025 0.003 0)
(0.026 0.003 0)
(0.027 0.003 0)
(0.028 0.003 0)
(0.029 0.003 0)
(0.03 0.003 0)
(0.031 0.003 0)
(0.032 0.003 0)
(0.033 0.003 0)
(0.034 0.003 0)
(0.035 0.003 0)
(0.036 0.003 0)
(0.037 0.003 0)
(0.038 0.003 0)
(0.039 0.003 0)
(0.04 0.003 0)
(-0.02 0.004 0)
(-0.019 0.004 0)
(-0.018 0.004 0)
(-0.017 0.004 0)
(-0.016 0.004 0)
(-0.015 0.004 0)
(-0.014 0.00399998 0)
(-0.0129998 0.00399991 0)
(-0.0119993 0.00399967 0)
(-0.010998 0.00399896 0)
(-0.00999477 0.00399709 0)
(-0.00898791 0.00399279 0)
(-0.0079755 0.00398412 0)
(-0.00695616 0.00396859 0)
(-0.00592831 0.00394186 0)
(-0.00488969 0.00389892 0)
(-0.00351991 0.00352111 0)
(-0.00296836 0.00400179 0)
(0.00296925 0.00399839 0)
(0.00353029 0.00351682 0)
(0.00489517 0.00389715 0)
(0.0059312 0.00394148 0)
(0.00695771 0.00396868 0)
(0.00797632 0.00398428 0)
(0.0089883 0.0039929 0)
(0.00999494 0.00399715 0)
(0.0109981 0.00399899 0)
(0.0119994 0.00399968 0)
(0.0129998 0.00399991 0)
(0.014 0.00399998 0)
(0.015 0.004 0)
(0.016 0.004 0)
(0.017 0.004 0)
(0.018 0.004 0)
(0.019 0.004 0)
(0.02 0.004 0)
(0.021 0.004 0)
(0.022 0.004 0)
(0.023 0.004 0)
(0.024 0.004 0)
(0.025 0.004 0)
(0.026 0.004 0)
(0.027 0.004 0)
(0.028 0.004 0)
(0.029 0.004 0)
(0.03 0.004 0)
(0.031 0.004 0)
(0.032 0.004 0)
(0.033 0.004 0)
(0.034 0.004 0)
(0.035 0.004 0)
(0.036 0.004 0)
(0.037 0.004 0)
(0.038 0.004 0)
(0.039 0.004 0)
(0.04 0.004 0)
(-0.02 0.005 0)
(-0.019 0.005 0)
(-0.018 0.005 0)
(-0.017 0.005 0)
(-0.016 0.005 0)
(-0.015 0.005 0)
(-0.014 0.00499998 0)
(-0.0129999 0.00499993 0)
(-0.0119996 0.00499973 0)
(-0.0109986 0.00499911 0)
(-0.00999628 0.00499745 0)
(-0.00899109 0.00499351 0)
(-0.00798118 0.00498528 0)
(-0.00696501 0.0049704 0)
(-0.00594225 0.004947 0)
(-0.00491608 0.00491661 0)
(-0.00389821 0.00489034 0)
(-0.00295073 0.00492545 0)
(-0.00171594 0.00467496 0)
(-0.000917225 0.00490033 0)
(1.25201e-06 0.00497589 0)
(0.000910193 0.00489415 0)
(0.00172016 0.00467863 0)
(0.00295374 0.00492473 0)
(0.00390459 0.00488797 0)
(0.00492072 0.00491505 0)
(0.00594508 0.00494626 0)
(0.00696656 0.00497015 0)
(0.00798194 0.00498523 0)
(0.00899143 0.00499352 0)
(0.00999641 0.00499747 0)
(0.0109987 0.00499912 0)
(0.0119996 0.00499973 0)
(0.0129999 0.00499993 0)
(0.014 0.00499998 0)
(0.015 0.005 0)
(0.016 0.005 0)
(0.017 0.005 0)
(0.018 0.005 0)
(0.019 0.005 0)
(0.02 0.005 0)
(0.021 0.005 0)
(0.022 0.005 0)
(0.023 0.005 0)
(0.024 0.005 0)
(0.025 0.005 0)
(0.026 0.005 0)
(0.027 0.005 0)
(0.028 0.005 0)
(0.029 0.005 0)
(0.03 0.005 0)
(0.031 0.005 0)
(0.032 0.005 0)
(0.033 0.005 0)
(0.034 0.005 0)
(0.035 0.005 0)
(0.036 0.005 0)
(0.037 0.005 0)
(0.038 0.005 0)
(0.039 0.005 0)
(0.04 0.005 0)
(-0.02 0.006 0)
(-0.019 0.006 0)
(-0.018 0.006 0)
(-0.017 0.006 0)
(-0.016 0.006 0)
(-0.015 0.006 0)
(-0.014 0.00599999 0)
(-0.0129999 0.00599995 0)
(-0.0119997 0.00599981 0)
(-0.0109992 0.00599937 0)
(-0.00999765 0.00599815 0)
(-0.0089942 0.00599521 0)
(-0.00798749 0.00598906 0)
(-0.00697645 0.00597811 0)
(-0.00596155 0.00596177 0)
(-0.00494669 0.00594258 0)
(-0.00394156 0.00592865 0)
(-0.00296189 0.00593324 0)
(-0.00197506 0.00592686 0)
(-0.000988759 0.00592417 0)
(-9.07344e-08 0.00592744 0)
(0.000985729 0.00592146 0)
(0.00197666 0.00592776 0)
(0.00296422 0.00593305 0)
(0.00394513 0.00592757 0)
(0.00494973 0.00594161 0)
(0.00596359 0.00596118 0)
(0.00697761 0.00597783 0)
(0.00798807 0.00598895 0)
(0.00899446 0.00599517 0)
(0.00999775 0.00599814 0)
(0.0109992 0.00599937 0)
(0.0119997 0.00599981 0)
(0.0129999 0.00599995 0)
(0.014 0.00599999 0)
(0.015 0.006 0)
(0.016 0.006 0)
(0.017 0.006 0)
(0.018 0.006 0)
(0.019 0.006 0)
(0.02 0.006 0)
(0.021 0.006 0)
(0.022 0.006 0)
(0.023 0.006 0)
(0.024 0.006 0)
(0.025 0.006 0)
(0.026 0.006 0)
(0.027 0.006 0)
(0.028 0.006 0)
(0.029 0.006 0)
(0.03 0.006 0)
(0.031 0.006 0)
(0.032 0.006 0)
(0.033 0.006 0)
(0.034 0.006 0)
(0.035 0.006 0)
(0.036 0.006 0)
(0.037 0.006 0)
(0.038 0.006 0)
(0.039 0.006 0)
(0.04 0.006 0)
(-0.02 0.007 0)
(-0.019 0.007 0)
(-0.018 0.007 0)
(-0.017 0.007 0)
(-0.016 0.007 0)
(-0.015 0.007 0)
(-0.014 0.00699999 0)
(-0.013 0.00699997 0)
(-0.0119999 0.00699989 0)
(-0.0109996 0.00699963 0)
(-0.00999871 0.00699889 0)
(-0.00899674 0.00699707 0)
(-0.00799284 0.00699326 0)
(-0.00698642 0.0069865 0)
(-0.00597799 0.00697658 0)
(-0.00497026 0.00696519 0)
(-0.00396849 0.00695632 0)
(-0.00297544 0.00695232 0)
(-0.00198323 0.00694708 0)
(-0.00099183 0.00694392 0)
(-3.42131e-07 0.00694375 0)
(0.000990708 0.00694297 0)
(0.00198375 0.00694705 0)
(0.00297677 0.00695214 0)
(0.00397035 0.00695583 0)
(0.00497198 0.00696467 0)
(0.00597921 0.00697622 0)
(0.00698714 0.0069863 0)
(0.0079932 0.00699317 0)
(0.00899689 0.00699703 0)
(0.00999877 0.00699887 0)
(0.0109996 0.00699963 0)
(0.0119999 0.00699989 0)
(0.013 0.00699997 0)
(0.014 0.00699999 0)
(0.015 0.007 0)
(0.016 0.007 0)
(0.017 0.007 0)
(0.018 0.007 0)
(0.019 0.007 0)
(0.02 0.007 0)
(0.021 0.007 0)
(0.022 0.007 0)
(0.023 0.007 0)
(0.024 0.007 0)
(0.025 0.007 0)
(0.026 0.007 0)
(0.027 0.007 0)
(0.028 0.007 0)
(0.029 0.007 0)
(0.03 0.007 0)
(0.031 0.007 0)
(0.032 0.007 0)
(0.033 0.007 0)
(0.034 0.007 0)
(0.035 0.007 0)
(0.036 0.007 0)
(0.037 0.007 0)
(0.038 0.007 0)
(0.039 0.007 0)
(0.04 0.007 0)
(-0.02 0.008 0)
(-0.019 0.008 0)
(-0.018 0.008 0)
(-0.017 0.008 0)
(-0.016 0.008 0)
(-0.015 0.008 0)
(-0.014 0.008 0)
(-0.013 0.00799999 0)
(-0.0119999 0.00799995 0)
(-0.0109998 0.00799982 0)
(-0.00999938 0.00799944 0)
(-0.00899841 0.00799849 0)
(-0.00799646 0.00799648 0)
(-0.00699322 0.00799288 0)
(-0.00598901 0.00798755 0)
(-0.00498523 0.00798126 0)
(-0.00398411 0.00797557 0)
(-0.00298646 0.00797124 0)
(-0.00199038 0.00796731 0)
(-0.000995133 0.00796466 0)
(-2.36216e-07 0.00796388 0)
(0.000994683 0.00796433 0)
(0.00199056 0.00796718 0)
(0.00298711 0.00797111 0)
(0.00398501 0.00797534 0)
(0.00498608 0.00798102 0)
(0.00598963 0.00798737 0)
(0.00699359 0.00799277 0)
(0.00799665 0.00799642 0)
(0.00899849 0.00799847 0)
(0.00999942 0.00799943 0)
(0.0109998 0.00799981 0)
(0.0119999 0.00799995 0)
(0.013 0.00799999 0)
(0.014 0.008 0)
(0.015 0.008 0)
(0.016 0.008 0)
(0.017 0.008 0)
(0.018 0.008 0)
(0.019 0.008 0)
(0.02 0.008 0)
(0.021 0.008 0)
(0.022 0.008 0)
(0.023 0.008 0)
(0.024 0.008 0)
(0.025 0.008 0)
(0.026 0.008 0)
(0.027 0.008 0)
(0.028 0.008 0)
(0.029 0.008 0)
(0.03 0.008 0)
(0.031 0.008 0)
(0.032 0.008 0)
(0.033 0.008 0)
(0.034 0.008 0)
(0.035 0.008 0)
(0.036 0.008 0)
(0.037 0.008 0)
(0.038 0.008 0)
(0.039 0.008 0)
(0.04 0.008 0)
(-0.02 0.009 0)
(-0.019 0.009 0)
(-0.018 0.009 0)
(-0.017 0.009 0)
(-0.016 0.009 0)
(-0.015 0.009 0)
(-0.014 0.009 0)
(-0.013 0.00899999 0)
(-0.012 0.00899998 0)
(-0.0109999 0.00899992 0)
(-0.00999975 0.00899976 0)
(-0.00899933 0.00899934 0)
(-0.00799848 0.00899842 0)
(-0.00699705 0.00899675 0)
(-0.00599519 0.00899423 0)
(-0.00499349 0.00899112 0)
(-0.00399279 0.00898794 0)
(-0.00299352 0.00898509 0)
(-0.00199524 0.00898261 0)
(-0.000997538 0.00898091 0)
(-1.23423e-07 0.00898031 0)
(0.000997346 0.00898079 0)
(0.0019953 0.00898253 0)
(0.0029938 0.00898502 0)
(0.00399319 0.00898784 0)
(0.00499387 0.00899102 0)
(0.00599546 0.00899415 0)
(0.00699722 0.0089967 0)
(0.00799856 0.0089984 0)
(0.00899937 0.00899932 0)
(0.00999976 0.00899975 0)
(0.0109999 0.00899992 0)
(0.012 0.00899998 0)
(0.013 0.00899999 0)
(0.014 0.009 0)
(0.015 0.009 0)
(0.016 0.009 0)
(0.017 0.009 0)
(0.018 0.009 0)
(0.019 0.009 0)
(0.02 0.009 0)
(0.021 0.009 0)
(0.022 0.009 0)
(0.023 0.009 0)
(0.024 0.009 0)
(0.025 0.009 0)
(0.026 0.009 0)
(0.027 0.009 0)
(0.028 0.009 0)
(0.029 0.009 0)
(0.03 0.009 0)
(0.031 0.009 0)
(0.032 0.009 0)
(0.033 0.009 0)
(0.034 0.009 0)
(0.035 0.009 0)
(0.036 0.009 0)
(0.037 0.009 0)
(0.038 0.009 0)
(0.039 0.009 0)
(0.04 0.009 0)
(-0.02 0.01 0)
(-0.019 0.01 0)
(-0.018 0.01 0)
(-0.017 0.01 0)
(-0.016 0.01 0)
(-0.015 0.01 0)
(-0.014 0.01 0)
(-0.013 0.01 0)
(-0.012 0.00999999 0)
(-0.011 0.00999997 0)
(-0.00999991 0.00999991 0)
(-0.00899976 0.00999975 0)
(-0.00799943 0.00999939 0)
(-0.00699888 0.00999871 0)
(-0.00599815 0.00999766 0)
(-0.00499745 0.00999629 0)
(-0.0039971 0.00999478 0)
(-0.00299729 0.00999331 0)
(-0.00199795 0.00999201 0)
(-0.000998925 0.00999111 0)
(-5.58372e-08 0.00999078 0)
(0.000998844 0.00999107 0)
(0.00199797 0.00999197 0)
(0.0029974 0.00999327 0)
(0.00399725 0.00999474 0)
(0.00499759 0.00999625 0)
(0.00599825 0.00999763 0)
(0.00699895 0.00999869 0)
(0.00799946 0.00999938 0)
(0.00899977 0.00999974 0)
(0.00999992 0.00999991 0)
(0.011 0.00999997 0)
(0.012 0.00999999 0)
(0.013 0.01 0)
(0.014 0.01 0)
(0.015 0.01 0)
(0.016 0.01 0)
(0.017 0.01 0)
(0.018 0.01 0)
(0.019 0.01 0)
(0.02 0.01 0)
(0.021 0.01 0)
(0.022 0.01 0)
(0.023 0.01 0)
(0.024 0.01 0)
(0.025 0.01 0)
(0.026 0.01 0)
(0.027 0.01 0)
(0.028 0.01 0)
(0.029 0.01 0)
(0.03 0.01 0)
(0.031 0.01 0)
(0.032 0.01 0)
(0.033 0.01 0)
(0.034 0.01 0)
(0.035 0.01 0)
(0.036 0.01 0)
(0.037 0.01 0)
(0.038 0.01 0)
(0.039 0.01 0)
(0.04 0.01 0)
(-0.02 0.011 0)
(-0.019 0.011 0)
(-0.018 0.011 0)
(-0.017 0.011 0)
(-0.016 0.011 0)
(-0.015 0.011 0)
(-0.014 0.011 0)
(-0.013 0.011 0)
(-0.012 0.011 0)
(-0.011 0.011 0)
(-0.00999997 0.011 0)
(-0.00899992 0.0109999 0)
(-0.00799981 0.0109998 0)
(-0.00699963 0.0109996 0)
(-0.00599937 0.0109992 0)
(-0.00499911 0.0109986 0)
(-0.00399897 0.010998 0)
(-0.00299901 0.0109974 0)
(-0.00199923 0.0109968 0)
(-0.000999591 0.0109964 0)
(-2.24471e-08 0.0109963 0)
(0.000999559 0.0109964 0)
(0.00199923 0.0109968 0)
(0.00299904 0.0109974 0)
(0.00399902 0.010998 0)
(0.00499916 0.0109986 0)
(0.00599941 0.0109992 0)
(0.00699965 0.0109995 0)
(0.00799983 0.0109998 0)
(0.00899993 0.0109999 0)
(0.00999997 0.011 0)
(0.011 0.011 0)
(0.012 0.011 0)
(0.013 0.011 0)
(0.014 0.011 0)
(0.015 0.011 0)
(0.016 0.011 0)
(0.017 0.011 0)
(0.018 0.011 0)
(0.019 0.011 0)
(0.02 0.011 0)
(0.021 0.011 0)
(0.022 0.011 0)
(0.023 0.011 0)
(0.024 0.011 0)
(0.025 0.011 0)
(0.026 0.011 0)
(0.027 0.011 0)
(0.028 0.011 0)
(0.029 0.011 0)
(0.03 0.011 0)
(0.031 0.011 0)
(0.032 0.011 0)
(0.033 0.011 0)
(0.034 0.011 0)
(0.035 0.011 0)
(0.036 0.011 0)
(0.037 0.011 0)
(0.038 0.011 0)
(0.039 0.011 0)
(0.04 0.011 0)
(-0.02 0.012 0)
(-0.019 0.012 0)
(-0.018 0.012 0)
(-0.017 0.012 0)
(-0.016 0.012 0)
(-0.015 0.012 0)
(-0.014 0.012 0)
(-0.013 0.012 0)
(-0.012 0.012 0)
(-0.011 0.012 0)
(-0.00999999 0.012 0)
(-0.00899998 0.012 0)
(-0.00799995 0.0119999 0)
(-0.00699989 0.0119999 0)
(-0.00599981 0.0119997 0)
(-0.00499973 0.0119996 0)
(-0.00399967 0.0119993 0)
(-0.00299968 0.0119991 0)
(-0.00199975 0.0119989 0)
(-0.000999864 0.0119987 0)
(-8.03072e-09 0.0119987 0)
(0.000999852 0.0119987 0)
(0.00199975 0.0119989 0)
(0.00299969 0.0119991 0)
(0.00399969 0.0119993 0)
(0.00499974 0.0119996 0)
(0.00599982 0.0119997 0)
(0.0069999 0.0119999 0)
(0.00799995 0.0119999 0)
(0.00899998 0.012 0)
(0.00999999 0.012 0)
(0.011 0.012 0)
(0.012 0.012 0)
(0.013 0.012 0)
(0.014 0.012 0)
(0.015 0.012 0)
(0.016 0.012 0)
(0.017 0.012 0)
(0.018 0.012 0)
(0.019 0.012 0)
(0.02 0.012 0)
(0.021 0.012 0)
(0.022 0.012 0)
(0.023 0.012 0)
(0.024 0.012 0)
(0.025 0.012 0)
(0.026 0.012 0)
(0.027 0.012 0)
(0.028 0.012 0)
(0.029 0.012 0)
(0.03 0.012 0)
(0.031 0.012 0)
(0.032 0.012 0)
(0.033 0.012 0)
(0.034 0.012 0)
(0.035 0.012 0)
(0.036 0.012 0)
(0.037 0.012 0)
(0.038 0.012 0)
(0.039 0.012 0)
(0.04 0.012 0)
(-0.02 0.013 0)
(-0.019 0.013 0)
(-0.018 0.013 0)
(-0.017 0.013 0)
(-0.016 0.013 0)
(-0.015 0.013 0)
(-0.014 0.013 0)
(-0.013 0.013 0)
(-0.012 0.013 0)
(-0.011 0.013 0)
(-0.01 0.013 0)
(-0.00899999 0.013 0)
(-0.00799999 0.013 0)
(-0.00699997 0.013 0)
(-0.00599995 0.0129999 0)
(-0.00499993 0.0129999 0)
(-0.00399991 0.0129998 0)
(-0.00299991 0.0129997 0)
(-0.00199993 0.0129997 0)
(-0.00099996 0.0129996 0)
(-2.55138e-09 0.0129996 0)
(0.000999956 0.0129996 0)
(0.00199993 0.0129997 0)
(0.00299991 0.0129997 0)
(0.00399991 0.0129998 0)
(0.00499993 0.0129999 0)
(0.00599995 0.0129999 0)
(0.00699997 0.013 0)
(0.00799999 0.013 0)
(0.009 0.013 0)
(0.01 0.013 0)
(0.011 0.013 0)
(0.012 0.013 0)
(0.013 0.013 0)
(0.014 0.013 0)
(0.015 0.013 0)
(0.016 0.013 0)
(0.017 0.013 0)
(0.018 0.013 0)
(0.019 0.013 0)
(0.02 0.013 0)
(0.021 0.013 0)
(0.022 0.013 0)
(0.023 0.013 0)
(0.024 0.013 0)
(0.025 0.013 0)
(0.026 0.013 0)
(0.027 0.013 0)
(0.028 0.013 0)
(0.029 0.013 0)
(0.03 0.013 0)
(0.031 0.013 0)
(0.032 0.013 0)
(0.033 0.013 0)
(0.034 0.013 0)
(0.035 0.013 0)
(0.036 0.013 0)
(0.037 0.013 0)
(0.038 0.013 0)
(0.039 0.013 0)
(0.04 0.013 0)
(-0.02 0.014 0)
(-0.019 0.014 0)
(-0.018 0.014 0)
(-0.017 0.014 0)
(-0.016 0.014 0)
(-0.015 0.014 0)
(-0.014 0.014 0)
(-0.013 0.014 0)
(-0.012 0.014 0)
(-0.011 0.014 0)
(-0.01 0.014 0)
(-0.009 0.014 0)
(-0.008 0.014 0)
(-0.00699999 0.014 0)
(-0.00599999 0.014 0)
(-0.00499998 0.014 0)
(-0.00399998 0.014 0)
(-0.00299998 0.0139999 0)
(-0.00199998 0.0139999 0)
(-0.000999989 0.0139999 0)
(-7.29229e-10 0.0139999 0)
(0.000999988 0.0139999 0)
(0.00199998 0.0139999 0)
(0.00299998 0.0139999 0)
(0.00399998 0.014 0)
(0.00499998 0.014 0)
(0.00599999 0.014 0)
(0.00699999 0.014 0)
(0.008 0.014 0)
(0.009 0.014 0)
(0.01 0.014 0)
(0.011 0.014 0)
(0.012 0.014 0)
(0.013 0.014 0)
(0.014 0.014 0)
(0.015 0.014 0)
(0.016 0.014 0)
(0.017 0.014 0)
(0.018 0.014 0)
(0.019 0.014 0)
(0.02 0.014 0)
(0.021 0.014 0)
(0.022 0.014 0)
(0.023 0.014 0)
(0.024 0.014 0)
(0.025 0.014 0)
(0.026 0.014 0)
(0.027 0.014 0)
(0.028 0.014 0)
(0.029 0.014 0)
(0.03 0.014 0)
(0.031 0.014 0)
(0.032 0.014 0)
(0.033 0.014 0)
(0.034 0.014 0)
(0.035 0.014 0)
(0.036 0.014 0)
(0.037 0.014 0)
(0.038 0.014 0)
(0.039 0.014 0)
(0.04 0.014 0)
(-0.02 0.015 0)
(-0.019 0.015 0)
(-0.018 0.015 0)
(-0.017 0.015 0)
(-0.016 0.015 0)
(-0.015 0.015 0)
(-0.014 0.015 0)
(-0.013 0.015 0)
(-0.012 0.015 0)
(-0.011 0.015 0)
(-0.01 0.015 0)
(-0.009 0.015 0)
(-0.008 0.015 0)
(-0.007 0.015 0)
(-0.006 0.015 0)
(-0.00499999 0.015 0)
(-0.00399999 0.015 0)
(-0.00299999 0.015 0)
(-0.00199999 0.015 0)
(-0.000999997 0.015 0)
(-2.44154e-10 0.015 0)
(0.000999996 0.015 0)
(0.00199999 0.015 0)
(0.00299999 0.015 0)
(0.00399999 0.015 0)
(0.005 0.015 0)
(0.006 0.015 0)
(0.007 0.015 0)
(0.008 0.015 0)
(0.009 0.015 0)
(0.01 0.015 0)
(0.011 0.015 0)
(0.012 0.015 0)
(0.013 0.015 0)
(0.014 0.015 0)
(0.015 0.015 0)
(0.016 0.015 0)
(0.017 0.015 0)
(0.018 0.015 0)
(0.019 0.015 0)
(0.02 0.015 0)
(0.021 0.015 0)
(0.022 0.015 0)
(0.023 0.015 0)
(0.024 0.015 0)
(0.025 0.015 0)
(0.026 0.015 0)
(0.027 0.015 0)
(0.028 0.015 0)
(0.029 0.015 0)
(0.03 0.015 0)
(0.031 0.015 0)
(0.032 0.015 0)
(0.033 0.015 0)
(0.034 0.015 0)
(0.035 0.015 0)
(0.036 0.015 0)
(0.037 0.015 0)
(0.038 0.015 0)
(0.039 0.015 0)
(0.04 0.015 0)
(-0.02 -0.015 0.001)
(-0.019 -0.015 0.001)
(-0.018 -0.015 0.001)
(-0.017 -0.015 0.001)
(-0.016 -0.015 0.001)
(-0.015 -0.015 0.001)
(-0.014 -0.015 0.001)
(-0.013 -0.015 0.001)
(-0.012 -0.015 0.001)
(-0.011 -0.015 0.001)
(-0.01 -0.015 0.001)
(-0.009 -0.015 0.001)
(-0.008 -0.015 0.001)
(-0.007 -0.015 0.001)
(-0.006 -0.015 0.001)
(-0.00499999 -0.015 0.001)
(-0.00399999 -0.015 0.001)
(-0.00299999 -0.015 0.001)
(-0.00199999 -0.015 0.001)
(-0.000999997 -0.015 0.001)
(-5.92842e-10 -0.015 0.001)
(0.000999996 -0.015 0.001)
(0.00199999 -0.015 0.001)
(0.00299999 -0.015 0.001)
(0.00399999 -0.015 0.001)
(0.00499999 -0.015 0.001)
(0.006 -0.015 0.001)
(0.007 -0.015 0.001)
(0.008 -0.015 0.001)
(0.009 -0.015 0.001)
(0.01 -0.015 0.001)
(0.011 -0.015 0.001)
(0.012 -0.015 0.001)
(0.013 -0.015 0.001)
(0.014 -0.015 0.001)
(0.015 -0.015 0.001)
(0.016 -0.015 0.001)
(0.017 -0.015 0.001)
(0.018 -0.015 0.001)
(0.019 -0.015 0.001)
(0.02 -0.015 0.001)
(0.021 -0.015 0.001)
(0.022 -0.015 0.001)
(0.023 -0.015 0.001)
(0.024 -0.015 0.001)
(0.025 -0.015 0.001)
(0.026 -0.015 0.001)
(0.027 -0.015 0.001)
(0.028 -0.015 0.001)
(0.029 -0.015 0.001)
(0.03 -0.015 0.001)
(0.031 -0.015 0.001)
(0.032 -0.015 0.001)
(0.033 -0.015 0.001)
(0.034 -0.015 0.001)
(0.035 -0.015 0.001)
(0.036 -0.015 0.001)
(0.037 -0.015 0.001)
(0.038 -0.015 0.001)
(0.039 -0.015 0.001)
(0.04 -0.015 0.001)
(-0.02 -0.014 0.001)
(-0.019 -0.014 0.001)
(-0.018 -0.014 0.001)
(-0.017 -0.014 0.001)
(-0.016 -0.014 0.001)
(-0.015 -0.014 0.001)
(-0.014 -0.014 0.001)
(-0.013 -0.014 0.001)
(-0.012 -0.014 0.001)
(-0.011 -0.014 0.001)
(-0.01 -0.014 0.001)
(-0.009 -0.014 0.001)
(-0.008 -0.014 0.001)
(-0.00699999 -0.014 0.001)
(-0.00599999 -0.014 0.001)
(-0.00499998 -0.014 0.001)
(-0.00399998 -0.014 0.001)
(-0.00299998 -0.0139999 0.001)
(-0.00199998 -0.0139999 0.001)
(-0.00099999 -0.0139999 0.001)
(-1.80281e-09 -0.0139999 0.001)
(0.000999987 -0.0139999 0.001)
(0.00199998 -0.0139999 0.001)
(0.00299997 -0.0139999 0.001)
(0.00399998 -0.014 0.001)
(0.00499998 -0.014 0.001)
(0.00599999 -0.014 0.001)
(0.00699999 -0.014 0.001)
(0.008 -0.014 0.001)
(0.009 -0.014 0.001)
(0.01 -0.014 0.001)
(0.011 -0.014 0.001)
(0.012 -0.014 0.001)
(0.013 -0.014 0.001)
(0.014 -0.014 0.001)
(0.015 -0.014 0.001)
(0.016 -0.014 0.001)
(0.017 -0.014 0.001)
(0.018 -0.014 0.001)
(0.019 -0.014 0.001)
(0.02 -0.014 0.001)
(0.021 -0.014 0.001)
(0.022 -0.014 0.001)
(0.023 -0.014 0.001)
(0.024 -0.014 0.001)
(0.025 -0.014 0.001)
(0.026 -0.014 0.001)
(0.027 -0.014 0.001)
(0.028 -0.014 0.001)
(0.029 -0.014 0.001)
(0.03 -0.014 0.001)
(0.031 -0.014 0.001)
(0.032 -0.014 0.001)
(0.033 -0.014 0.001)
(0.034 -0.014 0.001)
(0.035 -0.014 0.001)
(0.036 -0.014 0.001)
(0.037 -0.014 0.001)
(0.038 -0.014 0.001)
(0.039 -0.014 0.001)
(0.04 -0.014 0.001)
(-0.02 -0.013 0.001)
(-0.019 -0.013 0.001)
(-0.018 -0.013 0.001)
(-0.017 -0.013 0.001)
(-0.016 -0.013 0.001)
(-0.015 -0.013 0.001)
(-0.014 -0.013 0.001)
(-0.013 -0.013 0.001)
(-0.012 -0.013 0.001)
(-0.011 -0.013 0.001)
(-0.01 -0.013 0.001)
(-0.00899999 -0.013 0.001)
(-0.00799999 -0.013 0.001)
(-0.00699997 -0.013 0.001)
(-0.00599995 -0.0129999 0.001)
(-0.00499993 -0.0129999 0.001)
(-0.00399991 -0.0129998 0.001)
(-0.00299991 -0.0129997 0.001)
(-0.00199993 -0.0129997 0.001)
(-0.000999962 -0.0129996 0.001)
(-6.49863e-09 -0.0129996 0.001)
(0.000999949 -0.0129996 0.001)
(0.00199992 -0.0129997 0.001)
(0.0029999 -0.0129997 0.001)
(0.00399991 -0.0129998 0.001)
(0.00499992 -0.0129999 0.001)
(0.00599995 -0.0129999 0.001)
(0.00699997 -0.013 0.001)
(0.00799999 -0.013 0.001)
(0.00899999 -0.013 0.001)
(0.01 -0.013 0.001)
(0.011 -0.013 0.001)
(0.012 -0.013 0.001)
(0.013 -0.013 0.001)
(0.014 -0.013 0.001)
(0.015 -0.013 0.001)
(0.016 -0.013 0.001)
(0.017 -0.013 0.001)
(0.018 -0.013 0.001)
(0.019 -0.013 0.001)
(0.02 -0.013 0.001)
(0.021 -0.013 0.001)
(0.022 -0.013 0.001)
(0.023 -0.013 0.001)
(0.024 -0.013 0.001)
(0.025 -0.013 0.001)
(0.026 -0.013 0.001)
(0.027 -0.013 0.001)
(0.028 -0.013 0.001)
(0.029 -0.013 0.001)
(0.03 -0.013 0.001)
(0.031 -0.013 0.001)
(0.032 -0.013 0.001)
(0.033 -0.013 0.001)
(0.034 -0.013 0.001)
(0.035 -0.013 0.001)
(0.036 -0.013 0.001)
(0.037 -0.013 0.001)
(0.038 -0.013 0.001)
(0.039 -0.013 0.001)
(0.04 -0.013 0.001)
(-0.02 -0.012 0.001)
(-0.019 -0.012 0.001)
(-0.018 -0.012 0.001)
(-0.017 -0.012 0.001)
(-0.016 -0.012 0.001)
(-0.015 -0.012 0.001)
(-0.014 -0.012 0.001)
(-0.013 -0.012 0.001)
(-0.012 -0.012 0.001)
(-0.011 -0.012 0.001)
(-0.00999999 -0.012 0.001)
(-0.00899998 -0.012 0.001)
(-0.00799995 -0.0119999 0.001)
(-0.00699989 -0.0119999 0.001)
(-0.00599981 -0.0119998 0.001)
(-0.00499973 -0.0119996 0.001)
(-0.00399968 -0.0119994 0.001)
(-0.00299968 -0.0119991 0.001)
(-0.00199975 -0.0119989 0.001)
(-0.00099987 -0.0119988 0.001)
(-2.08725e-08 -0.0119987 0.001)
(0.00099983 -0.0119987 0.001)
(0.00199972 -0.0119989 0.001)
(0.00299966 -0.0119991 0.001)
(0.00399966 -0.0119993 0.001)
(0.00499972 -0.0119996 0.001)
(0.00599981 -0.0119997 0.001)
(0.00699989 -0.0119999 0.001)
(0.00799995 -0.0119999 0.001)
(0.00899998 -0.012 0.001)
(0.00999999 -0.012 0.001)
(0.011 -0.012 0.001)
(0.012 -0.012 0.001)
(0.013 -0.012 0.001)
(0.014 -0.012 0.001)
(0.015 -0.012 0.001)
(0.016 -0.012 0.001)
(0.017 -0.012 0.001)
(0.018 -0.012 0.001)
(0.019 -0.012 0.001)
(0.02 -0.012 0.001)
(0.021 -0.012 0.001)
(0.022 -0.012 0.001)
(0.023 -0.012 0.001)
(0.024 -0.012 0.001)
(0.025 -0.012 0.001)
(0.026 -0.012 0.001)
(0.027 -0.012 0.001)
(0.028 -0.012 0.001)
(0.029 -0.012 0.001)
(0.03 -0.012 0.001)
(0.031 -0.012 0.001)
(0.032 -0.012 0.001)
(0.033 -0.012 0.001)
(0.034 -0.012 0.001)
(0.035 -0.012 0.001)
(0.036 -0.012 0.001)
(0.037 -0.012 0.001)
(0.038 -0.012 0.001)
(0.039 -0.012 0.001)
(0.04 -0.012 0.001)
(-0.02 -0.011 0.001)
(-0.019 -0.011 0.001)
(-0.018 -0.011 0.001)
(-0.017 -0.011 0.001)
(-0.016 -0.011 0.001)
(-0.015 -0.011 0.001)
(-0.014 -0.011 0.001)
(-0.013 -0.011 0.001)
(-0.012 -0.011 0.001)
(-0.011 -0.011 0.001)
(-0.00999997 -0.011 0.001)
(-0.00899992 -0.0109999 0.001)
(-0.00799981 -0.0109998 0.001)
(-0.00699962 -0.0109996 0.001)
(-0.00599937 -0.0109992 0.001)
(-0.00499912 -0.0109987 0.001)
(-0.00399898 -0.0109981 0.001)
(-0.00299902 -0.0109974 0.001)
(-0.00199925 -0.0109969 0.001)
(-0.000999608 -0.0109965 0.001)
(-5.85868e-08 -0.0109963 0.001)
(0.000999494 -0.0109964 0.001)
(0.00199914 -0.0109968 0.001)
(0.00299895 -0.0109974 0.001)
(0.00399893 -0.010998 0.001)
(0.0049991 -0.0109986 0.001)
(0.00599936 -0.0109992 0.001)
(0.00699963 -0.0109996 0.001)
(0.00799981 -0.0109998 0.001)
(0.00899992 -0.0109999 0.001)
(0.00999997 -0.011 0.001)
(0.011 -0.011 0.001)
(0.012 -0.011 0.001)
(0.013 -0.011 0.001)
(0.014 -0.011 0.001)
(0.015 -0.011 0.001)
(0.016 -0.011 0.001)
(0.017 -0.011 0.001)
(0.018 -0.011 0.001)
(0.019 -0.011 0.001)
(0.02 -0.011 0.001)
(0.021 -0.011 0.001)
(0.022 -0.011 0.001)
(0.023 -0.011 0.001)
(0.024 -0.011 0.001)
(0.025 -0.011 0.001)
(0.026 -0.011 0.001)
(0.027 -0.011 0.001)
(0.028 -0.011 0.001)
(0.029 -0.011 0.001)
(0.03 -0.011 0.001)
(0.031 -0.011 0.001)
(0.032 -0.011 0.001)
(0.033 -0.011 0.001)
(0.034 -0.011 0.001)
(0.035 -0.011 0.001)
(0.036 -0.011 0.001)
(0.037 -0.011 0.001)
(0.038 -0.011 0.001)
(0.039 -0.011 0.001)
(0.04 -0.011 0.001)
(-0.02 -0.01 0.001)
(-0.019 -0.01 0.001)
(-0.018 -0.01 0.001)
(-0.017 -0.01 0.001)
(-0.016 -0.01 0.001)
(-0.015 -0.01 0.001)
(-0.014 -0.01 0.001)
(-0.013 -0.01 0.001)
(-0.012 -0.00999999 0.001)
(-0.011 -0.00999997 0.001)
(-0.00999991 -0.00999992 0.001)
(-0.00899975 -0.00999976 0.001)
(-0.00799943 -0.00999942 0.001)
(-0.00699887 -0.00999878 0.001)
(-0.00599814 -0.00999776 0.001)
(-0.00499745 -0.00999643 0.001)
(-0.00399712 -0.00999493 0.001)
(-0.00299733 -0.00999345 0.001)
(-0.00199799 -0.00999214 0.001)
(-0.000998958 -0.00999123 0.001)
(-1.428e-07 -0.00999091 0.001)
(0.000998678 -0.00999119 0.001)
(0.00199774 -0.00999203 0.001)
(0.00299715 -0.0099933 0.001)
(0.00399702 -0.00999476 0.001)
(0.00499741 -0.00999628 0.001)
(0.00599813 -0.00999766 0.001)
(0.00699888 -0.00999871 0.001)
(0.00799943 -0.00999939 0.001)
(0.00899976 -0.00999975 0.001)
(0.00999991 -0.00999991 0.001)
(0.011 -0.00999997 0.001)
(0.012 -0.00999999 0.001)
(0.013 -0.01 0.001)
(0.014 -0.01 0.001)
(0.015 -0.01 0.001)
(0.016 -0.01 0.001)
(0.017 -0.01 0.001)
(0.018 -0.01 0.001)
(0.019 -0.01 0.001)
(0.02 -0.01 0.001)
(0.021 -0.01 0.001)
(0.022 -0.01 0.001)
(0.023 -0.01 0.001)
(0.024 -0.01 0.001)
(0.025 -0.01 0.001)
(0.026 -0.01 0.001)
(0.027 -0.01 0.001)
(0.028 -0.01 0.001)
(0.029 -0.01 0.001)
(0.03 -0.01 0.001)
(0.031 -0.01 0.001)
(0.032 -0.01 0.001)
(0.033 -0.01 0.001)
(0.034 -0.01 0.001)
(0.035 -0.01 0.001)
(0.036 -0.01 0.001)
(0.037 -0.01 0.001)
(0.038 -0.01 0.001)
(0.039 -0.01 0.001)
(0.04 -0.01 0.001)
(-0.02 -0.009 0.001)
(-0.019 -0.009 0.001)
(-0.018 -0.009 0.001)
(-0.017 -0.009 0.001)
(-0.016 -0.009 0.001)
(-0.015 -0.009 0.001)
(-0.014 -0.009 0.001)
(-0.013 -0.009 0.001)
(-0.012 -0.00899998 0.001)
(-0.0109999 -0.00899993 0.001)
(-0.00999974 -0.00899977 0.001)
(-0.00899932 -0.00899937 0.001)
(-0.00799846 -0.0089985 0.001)
(-0.00699703 -0.00899691 0.001)
(-0.00599515 -0.00899449 0.001)
(-0.00499348 -0.00899147 0.001)
(-0.00399283 -0.00898831 0.001)
(-0.00299361 -0.00898543 0.001)
(-0.00199532 -0.0089829 0.001)
(-0.000997577 -0.00898115 0.001)
(-2.99821e-07 -0.00898062 0.001)
(0.00099698 -0.00898107 0.001)
(0.00199477 -0.00898264 0.001)
(0.00299321 -0.00898506 0.001)
(0.00399263 -0.0089879 0.001)
(0.00499343 -0.00899111 0.001)
(0.00599516 -0.00899423 0.001)
(0.00699705 -0.00899676 0.001)
(0.00799848 -0.00899842 0.001)
(0.00899933 -0.00899934 0.001)
(0.00999975 -0.00899976 0.001)
(0.0109999 -0.00899992 0.001)
(0.012 -0.00899998 0.001)
(0.013 -0.00899999 0.001)
(0.014 -0.009 0.001)
(0.015 -0.009 0.001)
(0.016 -0.009 0.001)
(0.017 -0.009 0.001)
(0.018 -0.009 0.001)
(0.019 -0.009 0.001)
(0.02 -0.009 0.001)
(0.021 -0.009 0.001)
(0.022 -0.009 0.001)
(0.023 -0.009 0.001)
(0.024 -0.009 0.001)
(0.025 -0.009 0.001)
(0.026 -0.009 0.001)
(0.027 -0.009 0.001)
(0.028 -0.009 0.001)
(0.029 -0.009 0.001)
(0.03 -0.009 0.001)
(0.031 -0.009 0.001)
(0.032 -0.009 0.001)
(0.033 -0.009 0.001)
(0.034 -0.009 0.001)
(0.035 -0.009 0.001)
(0.036 -0.009 0.001)
(0.037 -0.009 0.001)
(0.038 -0.009 0.001)
(0.039 -0.009 0.001)
(0.04 -0.009 0.001)
(-0.02 -0.008 0.001)
(-0.019 -0.008 0.001)
(-0.018 -0.008 0.001)
(-0.017 -0.008 0.001)
(-0.016 -0.008 0.001)
(-0.015 -0.008 0.001)
(-0.014 -0.008 0.001)
(-0.013 -0.00799999 0.001)
(-0.0119999 -0.00799995 0.001)
(-0.0109998 -0.00799983 0.001)
(-0.00999938 -0.00799947 0.001)
(-0.00899839 -0.00799857 0.001)
(-0.00799642 -0.00799666 0.001)
(-0.00699315 -0.00799324 0.001)
(-0.00598892 -0.00798814 0.001)
(-0.00498516 -0.00798205 0.001)
(-0.00398416 -0.00797639 0.001)
(-0.00298666 -0.00797192 0.001)
(-0.00199057 -0.00796787 0.001)
(-0.000995078 -0.00796501 0.001)
(-5.35262e-07 -0.0079645 0.001)
(0.000993984 -0.00796494 0.001)
(0.0019895 -0.0079673 0.001)
(0.00298591 -0.00797113 0.001)
(0.00398385 -0.0079755 0.001)
(0.00498512 -0.00798124 0.001)
(0.00598897 -0.00798756 0.001)
(0.00699321 -0.00799289 0.001)
(0.00799645 -0.00799648 0.001)
(0.00899841 -0.00799849 0.001)
(0.00999938 -0.00799944 0.001)
(0.0109998 -0.00799982 0.001)
(0.0119999 -0.00799995 0.001)
(0.013 -0.00799999 0.001)
(0.014 -0.008 0.001)
(0.015 -0.008 0.001)
(0.016 -0.008 0.001)
(0.017 -0.008 0.001)
(0.018 -0.008 0.001)
(0.019 -0.008 0.001)
(0.02 -0.008 0.001)
(0.021 -0.008 0.001)
(0.022 -0.008 0.001)
(0.023 -0.008 0.001)
(0.024 -0.008 0.001)
(0.025 -0.008 0.001)
(0.026 -0.008 0.001)
(0.027 -0.008 0.001)
(0.028 -0.008 0.001)
(0.029 -0.008 0.001)
(0.03 -0.008 0.001)
(0.031 -0.008 0.001)
(0.032 -0.008 0.001)
(0.033 -0.008 0.001)
(0.034 -0.008 0.001)
(0.035 -0.008 0.001)
(0.036 -0.008 0.001)
(0.037 -0.008 0.001)
(0.038 -0.008 0.001)
(0.039 -0.008 0.001)
(0.04 -0.008 0.001)
(-0.02 -0.007 0.001)
(-0.019 -0.007 0.001)
(-0.018 -0.007 0.001)
(-0.017 -0.007 0.001)
(-0.016 -0.007 0.001)
(-0.015 -0.007 0.001)
(-0.014 -0.00699999 0.001)
(-0.013 -0.00699997 0.001)
(-0.0119999 -0.0069999 0.001)
(-0.0109995 -0.00699965 0.001)
(-0.00999869 -0.00699895 0.001)
(-0.0089967 -0.00699723 0.001)
(-0.00799275 -0.00699362 0.001)
(-0.00698627 -0.0069872 0.001)
(-0.00597776 -0.00697774 0.001)
(-0.00497004 -0.00696676 0.001)
(-0.00396851 -0.00695794 0.001)
(-0.0029759 -0.00695348 0.001)
(-0.00198373 -0.00694807 0.001)
(-0.000991275 -0.00694408 0.001)
(-7.93018e-07 -0.00694493 0.001)
(0.000989572 -0.00694431 0.001)
(0.00198183 -0.00694689 0.001)
(0.00297465 -0.00695203 0.001)
(0.00396817 -0.0069562 0.001)
(0.00497015 -0.00696518 0.001)
(0.00597795 -0.0069766 0.001)
(0.00698639 -0.00698652 0.001)
(0.00799282 -0.00699327 0.001)
(0.00899672 -0.00699708 0.001)
(0.0099987 -0.00699889 0.001)
(0.0109996 -0.00699963 0.001)
(0.0119999 -0.00699989 0.001)
(0.013 -0.00699997 0.001)
(0.014 -0.00699999 0.001)
(0.015 -0.007 0.001)
(0.016 -0.007 0.001)
(0.017 -0.007 0.001)
(0.018 -0.007 0.001)
(0.019 -0.007 0.001)
(0.02 -0.007 0.001)
(0.021 -0.007 0.001)
(0.022 -0.007 0.001)
(0.023 -0.007 0.001)
(0.024 -0.007 0.001)
(0.025 -0.007 0.001)
(0.026 -0.007 0.001)
(0.027 -0.007 0.001)
(0.028 -0.007 0.001)
(0.029 -0.007 0.001)
(0.03 -0.007 0.001)
(0.031 -0.007 0.001)
(0.032 -0.007 0.001)
(0.033 -0.007 0.001)
(0.034 -0.007 0.001)
(0.035 -0.007 0.001)
(0.036 -0.007 0.001)
(0.037 -0.007 0.001)
(0.038 -0.007 0.001)
(0.039 -0.007 0.001)
(0.04 -0.007 0.001)
(-0.02 -0.006 0.001)
(-0.019 -0.006 0.001)
(-0.018 -0.006 0.001)
(-0.017 -0.006 0.001)
(-0.016 -0.006 0.001)
(-0.015 -0.006 0.001)
(-0.014 -0.00599999 0.001)
(-0.0129999 -0.00599995 0.001)
(-0.0119997 -0.00599982 0.001)
(-0.0109992 -0.00599941 0.001)
(-0.00999763 -0.00599825 0.001)
(-0.00899415 -0.00599547 0.001)
(-0.00798736 -0.00598965 0.001)
(-0.00697617 -0.00597928 0.001)
(-0.00596108 -0.00596377 0.001)
(-0.0049461 -0.00594544 0.001)
(-0.00394128 -0.00593171 0.001)
(-0.00296283 -0.00593475 0.001)
(-0.00197671 -0.00592883 0.001)
(-0.000986421 -0.00592296 0.001)
(-9.31279e-07 -0.00592965 0.001)
(0.000984271 -0.0059245 0.001)
(0.00197348 -0.00592619 0.001)
(0.00296101 -0.00593259 0.001)
(0.00394138 -0.00592857 0.001)
(0.00494664 -0.00594264 0.001)
(0.00596149 -0.00596184 0.001)
(0.00697638 -0.00597816 0.001)
(0.00798744 -0.00598909 0.001)
(0.00899417 -0.00599522 0.001)
(0.00999763 -0.00599816 0.001)
(0.0109992 -0.00599937 0.001)
(0.0119997 -0.00599981 0.001)
(0.0129999 -0.00599995 0.001)
(0.014 -0.00599999 0.001)
(0.015 -0.006 0.001)
(0.016 -0.006 0.001)
(0.017 -0.006 0.001)
(0.018 -0.006 0.001)
(0.019 -0.006 0.001)
(0.02 -0.006 0.001)
(0.021 -0.006 0.001)
(0.022 -0.006 0.001)
(0.023 -0.006 0.001)
(0.024 -0.006 0.001)
(0.025 -0.006 0.001)
(0.026 -0.006 0.001)
(0.027 -0.006 0.001)
(0.028 -0.006 0.001)
(0.029 -0.006 0.001)
(0.03 -0.006 0.001)
(0.031 -0.006 0.001)
(0.032 -0.006 0.001)
(0.033 -0.006 0.001)
(0.034 -0.006 0.001)
(0.035 -0.006 0.001)
(0.036 -0.006 0.001)
(0.037 -0.006 0.001)
(0.038 -0.006 0.001)
(0.039 -0.006 0.001)
(0.04 -0.006 0.001)
(-0.02 -0.005 0.001)
(-0.019 -0.005 0.001)
(-0.018 -0.005 0.001)
(-0.017 -0.005 0.001)
(-0.016 -0.005 0.001)
(-0.015 -0.005 0.001)
(-0.014 -0.00499998 0.001)
(-0.0129999 -0.00499993 0.001)
(-0.0119996 -0.00499974 0.001)
(-0.0109986 -0.00499916 0.001)
(-0.00999626 -0.00499758 0.001)
(-0.00899103 -0.00499385 0.001)
(-0.00798102 -0.00498606 0.001)
(-0.00696464 -0.00497199 0.001)
(-0.00594149 -0.00494989 0.001)
(-0.00491482 -0.00492119 0.001)
(-0.00389689 -0.00489605 0.001)
(-0.00295213 -0.00492583 0.001)
(-0.00172051 -0.00467926 0.001)
(-0.000911049 -0.00489566 0.001)
(-8.66029e-07 -0.00497958 0.001)
(0.000909051 -0.00490018 0.001)
(0.00171555 -0.00467356 0.001)
(0.00294997 -0.00492421 0.001)
(0.00389855 -0.00489064 0.001)
(0.00491615 -0.00491686 0.001)
(0.00594212 -0.00494712 0.001)
(0.00696484 -0.00497046 0.001)
(0.00798105 -0.00498531 0.001)
(0.00899102 -0.00499352 0.001)
(0.00999625 -0.00499746 0.001)
(0.0109986 -0.00499912 0.001)
(0.0119996 -0.00499973 0.001)
(0.0129999 -0.00499993 0.001)
(0.014 -0.00499998 0.001)
(0.015 -0.005 0.001)
(0.016 -0.005 0.001)
(0.017 -0.005 0.001)
(0.018 -0.005 0.001)
(0.019 -0.005 0.001)
(0.02 -0.005 0.001)
(0.021 -0.005 0.001)
(0.022 -0.005 0.001)
(0.023 -0.005 0.001)
(0.024 -0.005 0.001)
(0.025 -0.005 0.001)
(0.026 -0.005 0.001)
(0.027 -0.005 0.001)
(0.028 -0.005 0.001)
(0.029 -0.005 0.001)
(0.03 -0.005 0.001)
(0.031 -0.005 0.001)
(0.032 -0.005 0.001)
(0.033 -0.005 0.001)
(0.034 -0.005 0.001)
(0.035 -0.005 0.001)
(0.036 -0.005 0.001)
(0.037 -0.005 0.001)
(0.038 -0.005 0.001)
(0.039 -0.005 0.001)
(0.04 -0.005 0.001)
(-0.02 -0.004 0.001)
(-0.019 -0.004 0.001)
(-0.018 -0.004 0.001)
(-0.017 -0.004 0.001)
(-0.016 -0.004 0.001)
(-0.015 -0.004 0.001)
(-0.014 -0.00399998 0.001)
(-0.0129998 -0.00399991 0.001)
(-0.0119993 -0.00399969 0.001)
(-0.010998 -0.00399901 0.001)
(-0.00999476 -0.00399722 0.001)
(-0.00898788 -0.00399313 0.001)
(-0.0079754 -0.0039849 0.001)
(-0.00695586 -0.0039702 0.001)
(-0.00592747 -0.00394504 0.001)
(-0.00488764 -0.00390495 0.001)
(-0.00351643 -0.00353175 0.001)
(-0.00296877 -0.00399657 0.001)
(0.00296687 -0.00399979 0.001)
(0.00352123 -0.00352256 0.001)
(0.00488968 -0.00389933 0.001)
(0.00592787 -0.00394195 0.001)
(0.00695575 -0.00396861 0.001)
(0.00797525 -0.00398413 0.001)
(0.00898778 -0.00399279 0.001)
(0.00999471 -0.00399709 0.001)
(0.010998 -0.00399896 0.001)
(0.0119993 -0.00399967 0.001)
(0.0129998 -0.00399991 0.001)
(0.014 -0.00399998 0.001)
(0.015 -0.004 0.001)
(0.016 -0.004 0.001)
(0.017 -0.004 0.001)
(0.018 -0.004 0.001)
(0.019 -0.004 0.001)
(0.02 -0.004 0.001)
(0.021 -0.004 0.001)
(0.022 -0.004 0.001)
(0.023 -0.004 0.001)
(0.024 -0.004 0.001)
(0.025 -0.004 0.001)
(0.026 -0.004 0.001)
(0.027 -0.004 0.001)
(0.028 -0.004 0.001)
(0.029 -0.004 0.001)
(0.03 -0.004 0.001)
(0.031 -0.004 0.001)
(0.032 -0.004 0.001)
(0.033 -0.004 0.001)
(0.034 -0.004 0.001)
(0.035 -0.004 0.001)
(0.036 -0.004 0.001)
(0.037 -0.004 0.001)
(0.038 -0.004 0.001)
(0.039 -0.004 0.001)
(0.04 -0.004 0.001)
(-0.02 -0.003 0.001)
(-0.019 -0.003 0.001)
(-0.018 -0.003 0.001)
(-0.017 -0.003 0.001)
(-0.016 -0.003 0.001)
(-0.015 -0.00299999 0.001)
(-0.0139999 -0.00299998 0.001)
(-0.0129997 -0.00299991 0.001)
(-0.0119991 -0.00299969 0.001)
(-0.0109974 -0.00299903 0.001)
(-0.00999333 -0.00299737 0.001)
(-0.00898513 -0.00299372 0.001)
(-0.00797129 -0.00298691 0.001)
(-0.00695235 -0.00297636 0.001)
(-0.00593314 -0.00296344 0.001)
(-0.0049243 -0.00295258 0.001)
(-0.00399701 -0.00296831 0.001)
(0.00399899 -0.00296692 0.001)
(0.00492348 -0.00295011 0.001)
(0.0059318 -0.00296161 0.001)
(0.00695151 -0.00297529 0.001)
(0.00797087 -0.00298636 0.001)
(0.00898495 -0.00299347 0.001)
(0.00999326 -0.00299727 0.001)
(0.0109974 -0.002999 0.001)
(0.0119991 -0.00299968 0.001)
(0.0129997 -0.00299991 0.001)
(0.0139999 -0.00299998 0.001)
(0.015 -0.00299999 0.001)
(0.016 -0.003 0.001)
(0.017 -0.003 0.001)
(0.018 -0.003 0.001)
(0.019 -0.003 0.001)
(0.02 -0.003 0.001)
(0.021 -0.003 0.001)
(0.022 -0.003 0.001)
(0.023 -0.003 0.001)
(0.024 -0.003 0.001)
(0.025 -0.003 0.001)
(0.026 -0.003 0.001)
(0.027 -0.003 0.001)
(0.028 -0.003 0.001)
(0.029 -0.003 0.001)
(0.03 -0.003 0.001)
(0.031 -0.003 0.001)
(0.032 -0.003 0.001)
(0.033 -0.003 0.001)
(0.034 -0.003 0.001)
(0.035 -0.003 0.001)
(0.036 -0.003 0.001)
(0.037 -0.003 0.001)
(0.038 -0.003 0.001)
(0.039 -0.003 0.001)
(0.04 -0.003 0.001)
(-0.02 -0.002 0.001)
(-0.019 -0.002 0.001)
(-0.018 -0.002 0.001)
(-0.017 -0.002 0.001)
(-0.016 -0.002 0.001)
(-0.015 -0.002 0.001)
(-0.0139999 -0.00199998 0.001)
(-0.0129997 -0.00199993 0.001)
(-0.0119989 -0.00199974 0.001)
(-0.0109968 -0.00199923 0.001)
(-0.00999207 -0.00199795 0.001)
(-0.00898274 -0.00199525 0.001)
(-0.00796757 -0.00199042 0.001)
(-0.00694763 -0.00198335 0.001)
(-0.00592845 -0.00197553 0.001)
(-0.00467919 -0.00171761 0.001)
(0.00467309 -0.00171521 0.001)
(0.00592507 -0.00197461 0.001)
(0.00694639 -0.00198292 0.001)
(0.00796719 -0.00199018 0.001)
(0.00898265 -0.00199512 0.001)
(0.00999206 -0.00199789 0.001)
(0.0109968 -0.00199921 0.001)
(0.0119989 -0.00199974 0.001)
(0.0129997 -0.00199992 0.001)
(0.0139999 -0.00199998 0.001)
(0.015 -0.002 0.001)
(0.016 -0.002 0.001)
(0.017 -0.002 0.001)
(0.018 -0.002 0.001)
(0.019 -0.002 0.001)
(0.02 -0.002 0.001)
(0.021 -0.002 0.001)
(0.022 -0.002 0.001)
(0.023 -0.002 0.001)
(0.024 -0.002 0.001)
(0.025 -0.002 0.001)
(0.026 -0.002 0.001)
(0.027 -0.002 0.001)
(0.028 -0.002 0.001)
(0.029 -0.002 0.001)
(0.03 -0.002 0.001)
(0.031 -0.002 0.001)
(0.032 -0.002 0.001)
(0.033 -0.002 0.001)
(0.034 -0.002 0.001)
(0.035 -0.002 0.001)
(0.036 -0.002 0.001)
(0.037 -0.002 0.001)
(0.038 -0.002 0.001)
(0.039 -0.002 0.001)
(0.04 -0.002 0.001)
(-0.02 -0.001 0.001)
(-0.019 -0.001 0.001)
(-0.018 -0.001 0.001)
(-0.017 -0.001 0.001)
(-0.016 -0.000999999 0.001)
(-0.015 -0.000999997 0.001)
(-0.0139999 -0.000999989 0.001)
(-0.0129996 -0.000999957 0.001)
(-0.0119988 -0.000999855 0.001)
(-0.0109964 -0.000999568 0.001)
(-0.0099912 -0.000998866 0.001)
(-0.00898109 -0.000997396 0.001)
(-0.0079649 -0.000994793 0.001)
(-0.00694396 -0.000990976 0.001)
(-0.00592294 -0.000986477 0.001)
(-0.00489585 -0.000912004 0.001)
(0.00488945 -0.000917288 0.001)
(0.00592154 -0.000988552 0.001)
(0.00694427 -0.000991451 0.001)
(0.00796537 -0.000994811 0.001)
(0.00898139 -0.000997339 0.001)
(0.00999135 -0.000998825 0.001)
(0.0109965 -0.000999549 0.001)
(0.0119988 -0.000999848 0.001)
(0.0129996 -0.000999955 0.001)
(0.0139999 -0.000999988 0.001)
(0.015 -0.000999997 0.001)
(0.016 -0.000999999 0.001)
(0.017 -0.001 0.001)
(0.018 -0.001 0.001)
(0.019 -0.001 0.001)
(0.02 -0.001 0.001)
(0.021 -0.001 0.001)
(0.022 -0.001 0.001)
(0.023 -0.001 0.001)
(0.024 -0.001 0.001)
(0.025 -0.001 0.001)
(0.026 -0.001 0.001)
(0.027 -0.001 0.001)
(0.028 -0.001 0.001)
(0.029 -0.001 0.001)
(0.03 -0.001 0.001)
(0.031 -0.001 0.001)
(0.032 -0.001 0.001)
(0.033 -0.001 0.001)
(0.034 -0.001 0.001)
(0.035 -0.001 0.001)
(0.036 -0.001 0.001)
(0.037 -0.001 0.001)
(0.038 -0.001 0.001)
(0.039 -0.001 0.001)
(0.04 -0.001 0.001)
(-0.02 7.16936e-15 0.001)
(-0.019 3.88275e-14 0.001)
(-0.018 2.43072e-13 0.001)
(-0.017 1.36642e-12 0.001)
(-0.016 6.52931e-12 0.001)
(-0.015 2.71543e-11 0.001)
(-0.0139999 9.79773e-11 0.001)
(-0.0129996 3.0613e-10 0.001)
(-0.0119987 8.31004e-10 0.001)
(-0.0109963 1.98507e-09 0.001)
(-0.00999091 4.23112e-09 0.001)
(-0.00898061 7.51321e-09 0.001)
(-0.00796448 4.01986e-09 0.001)
(-0.00694489 -6.56164e-08 0.001)
(-0.00592957 -4.78299e-07 0.001)
(-0.00497943 -1.69272e-06 0.001)
(0.005 -1.22465e-18 0.001)
(0.00593938 3.63555e-07 0.001)
(0.00694895 4.39381e-07 0.001)
(0.00796623 3.26938e-07 0.001)
(0.00898137 1.89874e-07 0.001)
(0.00999123 9.1862e-08 0.001)
(0.0109964 3.7964e-08 0.001)
(0.0119987 1.35692e-08 0.001)
(0.0129996 4.22616e-09 0.001)
(0.0139999 1.15296e-09 0.001)
(0.015 2.76584e-10 0.001)
(0.016 5.85103e-11 0.001)
(0.017 1.09369e-11 0.001)
(0.018 1.80339e-12 0.001)
(0.019 2.63767e-13 0.001)
(0.02 3.4179e-14 0.001)
(0.021 3.91746e-15 0.001)
(0.022 3.96131e-16 0.001)
(0.023 3.51796e-17 0.001)
(0.024 2.65739e-18 0.001)
(0.025 1.86718e-19 0.001)
(0.026 1.03476e-19 0.001)
(0.027 9.30686e-20 0.001)
(0.028 1.8506e-19 0.001)
(0.029 1.85038e-19 0.001)
(0.03 -9.25186e-20 0.001)
(0.031 -9.25186e-20 0.001)
(0.032 8.08722e-30 0.001)
(0.033 8.33522e-32 0.001)
(0.034 9.25186e-20 0.001)
(0.035 9.25186e-20 0.001)
(0.036 -1.85037e-19 0.001)
(0.037 -1.85037e-19 0.001)
(0.038 -9.25186e-20 0.001)
(0.039 -9.25186e-20 0.001)
(0.04 0 0.001)
(-0.02 0.001 0.001)
(-0.019 0.001 0.001)
(-0.018 0.001 0.001)
(-0.017 0.001 0.001)
(-0.016 0.000999999 0.001)
(-0.015 0.000999997 0.001)
(-0.0139999 0.000999989 0.001)
(-0.0129996 0.000999957 0.001)
(-0.0119988 0.000999855 0.001)
(-0.0109964 0.000999567 0.001)
(-0.0099912 0.000998864 0.001)
(-0.0089811 0.000997402 0.001)
(-0.00796499 0.000994862 0.001)
(-0.00694437 0.000991341 0.001)
(-0.00592449 0.000987952 0.001)
(-0.00489996 0.000916059 0.001)
(0.00489639 0.000918953 0.001)
(0.00592552 0.000990069 0.001)
(0.00694621 0.000992591 0.001)
(0.00796628 0.000995535 0.001)
(0.0089818 0.000997732 0.001)
(0.00999152 0.00099901 0.001)
(0.0109966 0.000999624 0.001)
(0.0119988 0.000999875 0.001)
(0.0129996 0.000999963 0.001)
(0.0139999 0.000999991 0.001)
(0.015 0.000999998 0.001)
(0.016 0.001 0.001)
(0.017 0.001 0.001)
(0.018 0.001 0.001)
(0.019 0.001 0.001)
(0.02 0.001 0.001)
(0.021 0.001 0.001)
(0.022 0.001 0.001)
(0.023 0.001 0.001)
(0.024 0.001 0.001)
(0.025 0.001 0.001)
(0.026 0.001 0.001)
(0.027 0.001 0.001)
(0.028 0.001 0.001)
(0.029 0.001 0.001)
(0.03 0.001 0.001)
(0.031 0.001 0.001)
(0.032 0.001 0.001)
(0.033 0.001 0.001)
(0.034 0.001 0.001)
(0.035 0.001 0.001)
(0.036 0.001 0.001)
(0.037 0.001 0.001)
(0.038 0.001 0.001)
(0.039 0.001 0.001)
(0.04 0.001 0.001)
(-0.02 0.002 0.001)
(-0.019 0.002 0.001)
(-0.018 0.002 0.001)
(-0.017 0.002 0.001)
(-0.016 0.002 0.001)
(-0.015 0.002 0.001)
(-0.0139999 0.00199998 0.001)
(-0.0129997 0.00199992 0.001)
(-0.0119989 0.00199974 0.001)
(-0.0109968 0.00199921 0.001)
(-0.00999205 0.0019979 0.001)
(-0.00898269 0.00199513 0.001)
(-0.00796742 0.00199018 0.001)
(-0.00694715 0.00198289 0.001)
(-0.00592672 0.00197456 0.001)
(-0.0046745 0.00171533 0.001)
(0.00467646 0.00171886 0.001)
(0.0059282 0.00197698 0.001)
(0.00694848 0.00198428 0.001)
(0.00796837 0.00199093 0.001)
(0.00898323 0.0019955 0.001)
(0.00999231 0.00199806 0.001)
(0.0109969 0.00199927 0.001)
(0.0119989 0.00199976 0.001)
(0.0129997 0.00199993 0.001)
(0.0139999 0.00199998 0.001)
(0.015 0.002 0.001)
(0.016 0.002 0.001)
(0.017 0.002 0.001)
(0.018 0.002 0.001)
(0.019 0.002 0.001)
(0.02 0.002 0.001)
(0.021 0.002 0.001)
(0.022 0.002 0.001)
(0.023 0.002 0.001)
(0.024 0.002 0.001)
(0.025 0.002 0.001)
(0.026 0.002 0.001)
(0.027 0.002 0.001)
(0.028 0.002 0.001)
(0.029 0.002 0.001)
(0.03 0.002 0.001)
(0.031 0.002 0.001)
(0.032 0.002 0.001)
(0.033 0.002 0.001)
(0.034 0.002 0.001)
(0.035 0.002 0.001)
(0.036 0.002 0.001)
(0.037 0.002 0.001)
(0.038 0.002 0.001)
(0.039 0.002 0.001)
(0.04 0.002 0.001)
(-0.02 0.003 0.001)
(-0.019 0.003 0.001)
(-0.018 0.003 0.001)
(-0.017 0.003 0.001)
(-0.016 0.003 0.001)
(-0.015 0.00299999 0.001)
(-0.0139999 0.00299998 0.001)
(-0.0129997 0.00299991 0.001)
(-0.0119991 0.00299968 0.001)
(-0.0109974 0.002999 0.001)
(-0.00999332 0.00299727 0.001)
(-0.0089851 0.00299347 0.001)
(-0.00797124 0.00298637 0.001)
(-0.00695226 0.00297535 0.001)
(-0.00593309 0.00296187 0.001)
(-0.00492537 0.00295103 0.001)
(-0.00400227 0.00296926 0.001)
(0.00399808 0.00297013 0.001)
(0.00492539 0.00295226 0.001)
(0.00593431 0.00296304 0.001)
(0.00695341 0.00297618 0.001)
(0.00797202 0.00298688 0.001)
(0.00898553 0.00299373 0.001)
(0.00999352 0.00299739 0.001)
(0.0109975 0.00299905 0.001)
(0.0119991 0.00299969 0.001)
(0.0129997 0.00299991 0.001)
(0.0139999 0.00299998 0.001)
(0.015 0.003 0.001)
(0.016 0.003 0.001)
(0.017 0.003 0.001)
(0.018 0.003 0.001)
(0.019 0.003 0.001)
(0.02 0.003 0.001)
(0.021 0.003 0.001)
(0.022 0.003 0.001)
(0.023 0.003 0.001)
(0.024 0.003 0.001)
(0.025 0.003 0.001)
(0.026 0.003 0.001)
(0.027 0.003 0.001)
(0.028 0.003 0.001)
(0.029 0.003 0.001)
(0.03 0.003 0.001)
(0.031 0.003 0.001)
(0.032 0.003 0.001)
(0.033 0.003 0.001)
(0.034 0.003 0.001)
(0.035 0.003 0.001)
(0.036 0.003 0.001)
(0.037 0.003 0.001)
(0.038 0.003 0.001)
(0.039 0.003 0.001)
(0.04 0.003 0.001)
(-0.02 0.004 0.001)
(-0.019 0.004 0.001)
(-0.018 0.004 0.001)
(-0.017 0.004 0.001)
(-0.016 0.004 0.001)
(-0.015 0.004 0.001)
(-0.014 0.00399998 0.001)
(-0.0129998 0.00399991 0.001)
(-0.0119993 0.00399967 0.001)
(-0.010998 0.00399896 0.001)
(-0.00999477 0.00399709 0.001)
(-0.00898791 0.00399279 0.001)
(-0.0079755 0.00398412 0.001)
(-0.00695616 0.00396859 0.001)
(-0.00592831 0.00394186 0.001)
(-0.00488969 0.00389892 0.001)
(-0.00351991 0.00352111 0.001)
(-0.00296836 0.00400179 0.001)
(0.00296925 0.00399839 0.001)
(0.00353029 0.00351682 0.001)
(0.00489517 0.00389715 0.001)
(0.0059312 0.00394148 0.001)
(0.00695771 0.00396868 0.001)
(0.00797632 0.00398428 0.001)
(0.0089883 0.0039929 0.001)
(0.00999494 0.00399715 0.001)
(0.0109981 0.00399899 0.001)
(0.0119994 0.00399968 0.001)
(0.0129998 0.00399991 0.001)
(0.014 0.00399998 0.001)
(0.015 0.004 0.001)
(0.016 0.004 0.001)
(0.017 0.004 0.001)
(0.018 0.004 0.001)
(0.019 0.004 0.001)
(0.02 0.004 0.001)
(0.021 0.004 0.001)
(0.022 0.004 0.001)
(0.023 0.004 0.001)
(0.024 0.004 0.001)
(0.025 0.004 0.001)
(0.026 0.004 0.001)
(0.027 0.004 0.001)
(0.028 0.004 0.001)
(0.029 0.004 0.001)
(0.03 0.004 0.001)
(0.031 0.004 0.001)
(0.032 0.004 0.001)
(0.033 0.004 0.001)
(0.034 0.004 0.001)
(0.035 0.004 0.001)
(0.036 0.004 0.001)
(0.037 0.004 0.001)
(0.038 0.004 0.001)
(0.039 0.004 0.001)
(0.04 0.004 0.001)
(-0.02 0.005 0.001)
(-0.019 0.005 0.001)
(-0.018 0.005 0.001)
(-0.017 0.005 0.001)
(-0.016 0.005 0.001)
(-0.015 0.005 0.001)
(-0.014 0.00499998 0.001)
(-0.0129999 0.00499993 0.001)
(-0.0119996 0.00499973 0.001)
(-0.0109986 0.00499911 0.001)
(-0.00999628 0.00499745 0.001)
(-0.00899109 0.00499351 0.001)
(-0.00798118 0.00498528 0.001)
(-0.00696501 0.0049704 0.001)
(-0.00594225 0.004947 0.001)
(-0.00491608 0.00491661 0.001)
(-0.00389821 0.00489034 0.001)
(-0.00295073 0.00492545 0.001)
(-0.00171594 0.00467496 0.001)
(-0.000917225 0.00490033 0.001)
(1.25201e-06 0.00497589 0.001)
(0.000910193 0.00489415 0.001)
(0.00172016 0.00467863 0.001)
(0.00295374 0.00492473 0.001)
(0.00390459 0.00488797 0.001)
(0.00492072 0.00491505 0.001)
(0.00594508 0.00494626 0.001)
(0.00696656 0.00497015 0.001)
(0.00798194 0.00498523 0.001)
(0.00899143 0.00499352 0.001)
(0.00999641 0.00499747 0.001)
(0.0109987 0.00499912 0.001)
(0.0119996 0.00499973 0.001)
(0.0129999 0.00499993 0.001)
(0.014 0.00499998 0.001)
(0.015 0.005 0.001)
(0.016 0.005 0.001)
(0.017 0.005 0.001)
(0.018 0.005 0.001)
(0.019 0.005 0.001)
(0.02 0.005 0.001)
(0.021 0.005 0.001)
(0.022 0.005 0.001)
(0.023 0.005 0.001)
(0.024 0.005 0.001)
(0.025 0.005 0.001)
(0.026 0.005 0.001)
(0.027 0.005 0.001)
(0.028 0.005 0.001)
(0.029 0.005 0.001)
(0.03 0.005 0.001)
(0.031 0.005 0.001)
(0.032 0.005 0.001)
(0.033 0.005 0.001)
(0.034 0.005 0.001)
(0.035 0.005 0.001)
(0.036 0.005 0.001)
(0.037 0.005 0.001)
(0.038 0.005 0.001)
(0.039 0.005 0.001)
(0.04 0.005 0.001)
(-0.02 0.006 0.001)
(-0.019 0.006 0.001)
(-0.018 0.006 0.001)
(-0.017 0.006 0.001)
(-0.016 0.006 0.001)
(-0.015 0.006 0.001)
(-0.014 0.00599999 0.001)
(-0.0129999 0.00599995 0.001)
(-0.0119997 0.00599981 0.001)
(-0.0109992 0.00599937 0.001)
(-0.00999765 0.00599815 0.001)
(-0.0089942 0.00599521 0.001)
(-0.00798749 0.00598906 0.001)
(-0.00697645 0.00597811 0.001)
(-0.00596155 0.00596177 0.001)
(-0.00494669 0.00594258 0.001)
(-0.00394156 0.00592865 0.001)
(-0.00296189 0.00593324 0.001)
(-0.00197506 0.00592686 0.001)
(-0.000988759 0.00592417 0.001)
(-9.07344e-08 0.00592744 0.001)
(0.000985729 0.00592146 0.001)
(0.00197666 0.00592776 0.001)
(0.00296422 0.00593305 0.001)
(0.00394513 0.00592757 0.001)
(0.00494973 0.00594161 0.001)
(0.00596359 0.00596118 0.001)
(0.00697761 0.00597783 0.001)
(0.00798807 0.00598895 0.001)
(0.00899446 0.00599517 0.001)
(0.00999775 0.00599814 0.001)
(0.0109992 0.00599937 0.001)
(0.0119997 0.00599981 0.001)
(0.0129999 0.00599995 0.001)
(0.014 0.00599999 0.001)
(0.015 0.006 0.001)
(0.016 0.006 0.001)
(0.017 0.006 0.001)
(0.018 0.006 0.001)
(0.019 0.006 0.001)
(0.02 0.006 0.001)
(0.021 0.006 0.001)
(0.022 0.006 0.001)
(0.023 0.006 0.001)
(0.024 0.006 0.001)
(0.025 0.006 0.001)
(0.026 0.006 0.001)
(0.027 0.006 0.001)
(0.028 0.006 0.001)
(0.029 0.006 0.001)
(0.03 0.006 0.001)
(0.031 0.006 0.001)
(0.032 0.006 0.001)
(0.033 0.006 0.001)
(0.034 0.006 0.001)
(0.035 0.006 0.001)
(0.036 0.006 0.001)
(0.037 0.006 0.001)
(0.038 0.006 0.001)
(0.039 0.006 0.001)
(0.04 0.006 0.001)
(-0.02 0.007 0.001)
(-0.019 0.007 0.001)
(-0.018 0.007 0.001)
(-0.017 0.007 0.001)
(-0.016 0.007 0.001)
(-0.015 0.007 0.001)
(-0.014 0.00699999 0.001)
(-0.013 0.00699997 0.001)
(-0.0119999 0.00699989 0.001)
(-0.0109996 0.00699963 0.001)
(-0.00999871 0.00699889 0.001)
(-0.00899674 0.00699707 0.001)
(-0.00799284 0.00699326 0.001)
(-0.00698642 0.0069865 0.001)
(-0.00597799 0.00697658 0.001)
(-0.00497026 0.00696519 0.001)
(-0.00396849 0.00695632 0.001)
(-0.00297544 0.00695232 0.001)
(-0.00198323 0.00694708 0.001)
(-0.00099183 0.00694392 0.001)
(-3.42131e-07 0.00694375 0.001)
(0.000990708 0.00694297 0.001)
(0.00198375 0.00694705 0.001)
(0.00297677 0.00695214 0.001)
(0.00397035 0.00695583 0.001)
(0.00497198 0.00696467 0.001)
(0.00597921 0.00697622 0.001)
(0.00698714 0.0069863 0.001)
(0.0079932 0.00699317 0.001)
(0.00899689 0.00699703 0.001)
(0.00999877 0.00699887 0.001)
(0.0109996 0.00699963 0.001)
(0.0119999 0.00699989 0.001)
(0.013 0.00699997 0.001)
(0.014 0.00699999 0.001)
(0.015 0.007 0.001)
(0.016 0.007 0.001)
(0.017 0.007 0.001)
(0.018 0.007 0.001)
(0.019 0.007 0.001)
(0.02 0.007 0.001)
(0.021 0.007 0.001)
(0.022 0.007 0.001)
(0.023 0.007 0.001)
(0.024 0.007 0.001)
(0.025 0.007 0.001)
(0.026 0.007 0.001)
(0.027 0.007 0.001)
(0.028 0.007 0.001)
(0.029 0.007 0.001)
(0.03 0.007 0.001)
(0.031 0.007 0.001)
(0.032 0.007 0.001)
(0.033 0.007 0.001)
(0.034 0.007 0.001)
(0.035 0.007 0.001)
(0.036 0.007 0.001)
(0.037 0.007 0.001)
(0.038 0.007 0.001)
(0.039 0.007 0.001)
(0.04 0.007 0.001)
(-0.02 0.008 0.001)
(-0.019 0.008 0.001)
(-0.018 0.008 0.001)
(-0.017 0.008 0.001)
(-0.016 0.008 0.001)
(-0.015 0.008 0.001)
(-0.014 0.008 0.001)
(-0.013 0.00799999 0.001)
(-0.0119999 0.00799995 0.001)
(-0.0109998 0.00799982 0.001)
(-0.00999938 0.00799944 0.001)
(-0.00899841 0.00799849 0.001)
(-0.00799646 0.00799648 0.001)
(-0.00699322 0.00799288 0.001)
(-0.00598901 0.00798755 0.001)
(-0.00498523 0.00798126 0.001)
(-0.00398411 0.00797557 0.001)
(-0.00298646 0.00797124 0.001)
(-0.00199038 0.00796731 0.001)
(-0.000995133 0.00796466 0.001)
(-2.36216e-07 0.00796388 0.001)
(0.000994683 0.00796433 0.001)
(0.00199056 0.00796718 0.001)
(0.00298711 0.00797111 0.001)
(0.00398501 0.00797534 0.001)
(0.00498608 0.00798102 0.001)
(0.00598963 0.00798737 0.001)
(0.00699359 0.00799277 0.001)
(0.00799665 0.00799642 0.001)
(0.00899849 0.00799847 0.001)
(0.00999942 0.00799943 0.001)
(0.0109998 0.00799981 0.001)
(0.0119999 0.00799995 0.001)
(0.013 0.00799999 0.001)
(0.014 0.008 0.001)
(0.015 0.008 0.001)
(0.016 0.008 0.001)
(0.017 0.008 0.001)
(0.018 0.008 0.001)
(0.019 0.008 0.001)
(0.02 0.008 0.001)
(0.021 0.008 0.001)
(0.022 0.008 0.001)
(0.023 0.008 0.001)
(0.024 0.008 0.001)
(0.025 0.008 0.001)
(0.026 0.008 0.001)
(0.027 0.008 0.001)
(0.028 0.008 0.001)
(0.029 0.008 0.001)
(0.03 0.008 0.001)
(0.031 0.008 0.001)
(0.032 0.008 0.001)
(0.033 0.008 0.001)
(0.034 0.008 0.001)
(0.035 0.008 0.001)
(0.036 0.008 0.001)
(0.037 0.008 0.001)
(0.038 0.008 0.001)
(0.039 0.008 0.001)
(0.04 0.008 0.001)
(-0.02 0.009 0.001)
(-0.019 0.009 0.001)
(-0.018 0.009 0.001)
(-0.017 0.009 0.001)
(-0.016 0.009 0.001)
(-0.015 0.009 0.001)
(-0.014 0.009 0.001)
(-0.013 0.00899999 0.001)
(-0.012 0.00899998 0.001)
(-0.0109999 0.00899992 0.001)
(-0.00999975 0.00899976 0.001)
(-0.00899933 0.00899934 0.001)
(-0.00799848 0.00899842 0.001)
(-0.00699705 0.00899675 0.001)
(-0.00599519 0.00899423 0.001)
(-0.00499349 0.00899112 0.001)
(-0.00399279 0.00898794 0.001)
(-0.00299352 0.00898509 0.001)
(-0.00199524 0.00898261 0.001)
(-0.000997538 0.00898091 0.001)
(-1.23423e-07 0.00898031 0.001)
(0.000997346 0.00898079 0.001)
(0.0019953 0.00898253 0.001)
(0.0029938 0.00898502 0.001)
(0.00399319 0.00898784 0.001)
(0.00499387 0.00899102 0.001)
(0.00599546 0.00899415 0.001)
(0.00699722 0.0089967 0.001)
(0.00799856 0.0089984 0.001)
(0.00899937 0.00899932 0.001)
(0.00999976 0.00899975 0.001)
(0.0109999 0.00899992 0.001)
(0.012 0.00899998 0.001)
(0.013 0.00899999 0.001)
(0.014 0.009 0.001)
(0.015 0.009 0.001)
(0.016 0.009 0.001)
(0.017 0.009 0.001)
(0.018 0.009 0.001)
(0.019 0.009 0.001)
(0.02 0.009 0.001)
(0.021 0.009 0.001)
(0.022 0.009 0.001)
(0.023 0.009 0.001)
(0.024 0.009 0.001)
(0.025 0.009 0.001)
(0.026 0.009 0.001)
(0.027 0.009 0.001)
(0.028 0.009 0.001)
(0.029 0.009 0.001)
(0.03 0.009 0.001)
(0.031 0.009 0.001)
(0.032 0.009 0.001)
(0.033 0.009 0.001)
(0.034 0.009 0.001)
(0.035 0.009 0.001)
(0.036 0.009 0.001)
(0.037 0.009 0.001)
(0.038 0.009 0.001)
(0.039 0.009 0.001)
(0.04 0.009 0.001)
(-0.02 0.01 0.001)
(-0.019 0.01 0.001)
(-0.018 0.01 0.001)
(-0.017 0.01 0.001)
(-0.016 0.01 0.001)
(-0.015 0.01 0.001)
(-0.014 0.01 0.001)
(-0.013 0.01 0.001)
(-0.012 0.00999999 0.001)
(-0.011 0.00999997 0.001)
(-0.00999991 0.00999991 0.001)
(-0.00899976 0.00999975 0.001)
(-0.00799943 0.00999939 0.001)
(-0.00699888 0.00999871 0.001)
(-0.00599815 0.00999766 0.001)
(-0.00499745 0.00999629 0.001)
(-0.0039971 0.00999478 0.001)
(-0.00299729 0.00999331 0.001)
(-0.00199795 0.00999201 0.001)
(-0.000998925 0.00999111 0.001)
(-5.58372e-08 0.00999078 0.001)
(0.000998844 0.00999107 0.001)
(0.00199797 0.00999197 0.001)
(0.0029974 0.00999327 0.001)
(0.00399725 0.00999474 0.001)
(0.00499759 0.00999625 0.001)
(0.00599825 0.00999763 0.001)
(0.00699895 0.00999869 0.001)
(0.00799946 0.00999938 0.001)
(0.00899977 0.00999974 0.001)
(0.00999992 0.00999991 0.001)
(0.011 0.00999997 0.001)
(0.012 0.00999999 0.001)
(0.013 0.01 0.001)
(0.014 0.01 0.001)
(0.015 0.01 0.001)
(0.016 0.01 0.001)
(0.017 0.01 0.001)
(0.018 0.01 0.001)
(0.019 0.01 0.001)
(0.02 0.01 0.001)
(0.021 0.01 0.001)
(0.022 0.01 0.001)
(0.023 0.01 0.001)
(0.024 0.01 0.001)
(0.025 0.01 0.001)
(0.026 0.01 0.001)
(0.027 0.01 0.001)
(0.028 0.01 0.001)
(0.029 0.01 0.001)
(0.03 0.01 0.001)
(0.031 0.01 0.001)
(0.032 0.01 0.001)
(0.033 0.01 0.001)
(0.034 0.01 0.001)
(0.035 0.01 0.001)
(0.036 0.01 0.001)
(0.037 0.01 0.001)
(0.038 0.01 0.001)
(0.039 0.01 0.001)
(0.04 0.01 0.001)
(-0.02 0.011 0.001)
(-0.019 0.011 0.001)
(-0.018 0.011 0.001)
(-0.017 0.011 0.001)
(-0.016 0.011 0.001)
(-0.015 0.011 0.001)
(-0.014 0.011 0.001)
(-0.013 0.011 0.001)
(-0.012 0.011 0.001)
(-0.011 0.011 0.001)
(-0.00999997 0.011 0.001)
(-0.00899992 0.0109999 0.001)
(-0.00799981 0.0109998 0.001)
(-0.00699963 0.0109996 0.001)
(-0.00599937 0.0109992 0.001)
(-0.00499911 0.0109986 0.001)
(-0.00399897 0.010998 0.001)
(-0.00299901 0.0109974 0.001)
(-0.00199923 0.0109968 0.001)
(-0.000999591 0.0109964 0.001)
(-2.24471e-08 0.0109963 0.001)
(0.000999559 0.0109964 0.001)
(0.00199923 0.0109968 0.001)
(0.00299904 0.0109974 0.001)
(0.00399902 0.010998 0.001)
(0.00499916 0.0109986 0.001)
(0.00599941 0.0109992 0.001)
(0.00699965 0.0109995 0.001)
(0.00799983 0.0109998 0.001)
(0.00899993 0.0109999 0.001)
(0.00999997 0.011 0.001)
(0.011 0.011 0.001)
(0.012 0.011 0.001)
(0.013 0.011 0.001)
(0.014 0.011 0.001)
(0.015 0.011 0.001)
(0.016 0.011 0.001)
(0.017 0.011 0.001)
(0.018 0.011 0.001)
(0.019 0.011 0.001)
(0.02 0.011 0.001)
(0.021 0.011 0.001)
(0.022 0.011 0.001)
(0.023 0.011 0.001)
(0.024 0.011 0.001)
(0.025 0.011 0.001)
(0.026 0.011 0.001)
(0.027 0.011 0.001)
(0.028 0.011 0.001)
(0.029 0.011 0.001)
(0.03 0.011 0.001)
(0.031 0.011 0.001)
(0.032 0.011 0.001)
(0.033 0.011 0.001)
(0.034 0.011 0.001)
(0.035 0.011 0.001)
(0.036 0.011 0.001)
(0.037 0.011 0.001)
(0.038 0.011 0.001)
(0.039 0.011 0.001)
(0.04 0.011 0.001)
(-0.02 0.012 0.001)
(-0.019 0.012 0.001)
(-0.018 0.012 0.001)
(-0.017 0.012 0.001)
(-0.016 0.012 0.001)
(-0.015 0.012 0.001)
(-0.014 0.012 0.001)
(-0.013 0.012 0.001)
(-0.012 0.012 0.001)
(-0.011 0.012 0.001)
(-0.00999999 0.012 0.001)
(-0.00899998 0.012 0.001)
(-0.00799995 0.0119999 0.001)
(-0.00699989 0.0119999 0.001)
(-0.00599981 0.0119997 0.001)
(-0.00499973 0.0119996 0.001)
(-0.00399967 0.0119993 0.001)
(-0.00299968 0.0119991 0.001)
(-0.00199975 0.0119989 0.001)
(-0.000999864 0.0119987 0.001)
(-8.03072e-09 0.0119987 0.001)
(0.000999852 0.0119987 0.001)
(0.00199975 0.0119989 0.001)
(0.00299969 0.0119991 0.001)
(0.00399969 0.0119993 0.001)
(0.00499974 0.0119996 0.001)
(0.00599982 0.0119997 0.001)
(0.0069999 0.0119999 0.001)
(0.00799995 0.0119999 0.001)
(0.00899998 0.012 0.001)
(0.00999999 0.012 0.001)
(0.011 0.012 0.001)
(0.012 0.012 0.001)
(0.013 0.012 0.001)
(0.014 0.012 0.001)
(0.015 0.012 0.001)
(0.016 0.012 0.001)
(0.017 0.012 0.001)
(0.018 0.012 0.001)
(0.019 0.012 0.001)
(0.02 0.012 0.001)
(0.021 0.012 0.001)
(0.022 0.012 0.001)
(0.023 0.012 0.001)
(0.024 0.012 0.001)
(0.025 0.012 0.001)
(0.026 0.012 0.001)
(0.027 0.012 0.001)
(0.028 0.012 0.001)
(0.029 0.012 0.001)
(0.03 0.012 0.001)
(0.031 0.012 0.001)
(0.032 0.012 0.001)
(0.033 0.012 0.001)
(0.034 0.012 0.001)
(0.035 0.012 0.001)
(0.036 0.012 0.001)
(0.037 0.012 0.001)
(0.038 0.012 0.001)
(0.039 0.012 0.001)
(0.04 0.012 0.001)
(-0.02 0.013 0.001)
(-0.019 0.013 0.001)
(-0.018 0.013 0.001)
(-0.017 0.013 0.001)
(-0.016 0.013 0.001)
(-0.015 0.013 0.001)
(-0.014 0.013 0.001)
(-0.013 0.013 0.001)
(-0.012 0.013 0.001)
(-0.011 0.013 0.001)
(-0.01 0.013 0.001)
(-0.00899999 0.013 0.001)
(-0.00799999 0.013 0.001)
(-0.00699997 0.013 0.001)
(-0.00599995 0.0129999 0.001)
(-0.00499993 0.0129999 0.001)
(-0.00399991 0.0129998 0.001)
(-0.00299991 0.0129997 0.001)
(-0.00199993 0.0129997 0.001)
(-0.00099996 0.0129996 0.001)
(-2.55138e-09 0.0129996 0.001)
(0.000999956 0.0129996 0.001)
(0.00199993 0.0129997 0.001)
(0.00299991 0.0129997 0.001)
(0.00399991 0.0129998 0.001)
(0.00499993 0.0129999 0.001)
(0.00599995 0.0129999 0.001)
(0.00699997 0.013 0.001)
(0.00799999 0.013 0.001)
(0.009 0.013 0.001)
(0.01 0.013 0.001)
(0.011 0.013 0.001)
(0.012 0.013 0.001)
(0.013 0.013 0.001)
(0.014 0.013 0.001)
(0.015 0.013 0.001)
(0.016 0.013 0.001)
(0.017 0.013 0.001)
(0.018 0.013 0.001)
(0.019 0.013 0.001)
(0.02 0.013 0.001)
(0.021 0.013 0.001)
(0.022 0.013 0.001)
(0.023 0.013 0.001)
(0.024 0.013 0.001)
(0.025 0.013 0.001)
(0.026 0.013 0.001)
(0.027 0.013 0.001)
(0.028 0.013 0.001)
(0.029 0.013 0.001)
(0.03 0.013 0.001)
(0.031 0.013 0.001)
(0.032 0.013 0.001)
(0.033 0.013 0.001)
(0.034 0.013 0.001)
(0.035 0.013 0.001)
(0.036 0.013 0.001)
(0.037 0.013 0.001)
(0.038 0.013 0.001)
(0.039 0.013 0.001)
(0.04 0.013 0.001)
(-0.02 0.014 0.001)
(-0.019 0.014 0.001)
(-0.018 0.014 0.001)
(-0.017 0.014 0.001)
(-0.016 0.014 0.001)
(-0.015 0.014 0.001)
(-0.014 0.014 0.001)
(-0.013 0.014 0.001)
(-0.012 0.014 0.001)
(-0.011 0.014 0.001)
(-0.01 0.014 0.001)
(-0.009 0.014 0.001)
(-0.008 0.014 0.001)
(-0.00699999 0.014 0.001)
(-0.00599999 0.014 0.001)
(-0.00499998 0.014 0.001)
(-0.00399998 0.014 0.001)
(-0.00299998 0.0139999 0.001)
(-0.00199998 0.0139999 0.001)
(-0.000999989 0.0139999 0.001)
(-7.29229e-10 0.0139999 0.001)
(0.000999988 0.0139999 0.001)
(0.00199998 0.0139999 0.001)
(0.00299998 0.0139999 0.001)
(0.00399998 0.014 0.001)
(0.00499998 0.014 0.001)
(0.00599999 0.014 0.001)
(0.00699999 0.014 0.001)
(0.008 0.014 0.001)
(0.009 0.014 0.001)
(0.01 0.014 0.001)
(0.011 0.014 0.001)
(0.012 0.014 0.001)
(0.013 0.014 0.001)
(0.014 0.014 0.001)
(0.015 0.014 0.001)
(0.016 0.014 0.001)
(0.017 0.014 0.001)
(0.018 0.014 0.001)
(0.019 0.014 0.001)
(0.02 0.014 0.001)
(0.021 0.014 0.001)
(0.022 0.014 0.001)
(0.023 0.014 0.001)
(0.024 0.014 0.001)
(0.025 0.014 0.001)
(0.026 0.014 0.001)
(0.027 0.014 0.001)
(0.028 0.014 0.001)
(0.029 0.014 0.001)
(0.03 0.014 0.001)
(0.031 0.014 0.001)
(0.032 0.014 0.001)
(0.033 0.014 0.001)
(0.034 0.014 0.001)
(0.035 0.014 0.001)
(0.036 0.014 0.001)
(0.037 0.014 0.001)
(0.038 0.014 0.001)
(0.039 0.014 0.001)
(0.04 0.014 0.001)
(-0.02 0.015 0.001)
(-0.019 0.015 0.001)
(-0.018 0.015 0.001)
(-0.017 0.015 0.001)
(-0.016 0.015 0.001)
(-0.015 0.015 0.001)
(-0.014 0.015 0.001)
(-0.013 0.015 0.001)
(-0.012 0.015 0.001)
(-0.011 0.015 0.001)
(-0.01 0.015 0.001)
(-0.009 0.015 0.001)
(-0.008 0.015 0.001)
(-0.007 0.015 0.001)
(-0.006 0.015 0.001)
(-0.00499999 0.015 0.001)
(-0.00399999 0.015 0.001)
(-0.00299999 0.015 0.001)
(-0.00199999 0.015 0.001)
(-0.000999997 0.015 0.001)
(-2.44154e-10 0.015 0.001)
(0.000999996 0.015 0.001)
(0.00199999 0.015 0.001)
(0.00299999 0.015 0.001)
(0.00399999 0.015 0.001)
(0.005 0.015 0.001)
(0.006 0.015 0.001)
(0.007 0.015 0.001)
(0.008 0.015 0.001)
(0.009 0.015 0.001)
(0.01 0.015 0.001)
(0.011 0.015 0.001)
(0.012 0.015 0.001)
(0.013 0.015 0.001)
(0.014 0.015 0.001)
(0.015 0.015 0.001)
(0.016 0.015 0.001)
(0.017 0.015 0.001)
(0.018 0.015 0.001)
(0.019 0.015 0.001)
(0.02 0.015 0.001)
(0.021 0.015 0.001)
(0.022 0.015 0.001)
(0.023 0.015 0.001)
(0.024 0.015 0.001)
(0.025 0.015 0.001)
(0.026 0.015 0.001)
(0.027 0.015 0.001)
(0.028 0.015 0.001)
(0.029 0.015 0.001)
(0.03 0.015 0.001)
(0.031 0.015 0.001)
(0.032 0.015 0.001)
(0.033 0.015 0.001)
(0.034 0.015 0.001)
(0.035 0.015 0.001)
(0.036 0.015 0.001)
(0.037 0.015 0.001)
(0.038 0.015 0.001)
(0.039 0.015 0.001)
(0.04 0.015 0.001)
)


// ************************************************************************* //
